9 0.925 0.01015625 0.05625 0.0203125
13 0.459375 0.01015625 0.053125 0.0203125
16 0.2828125 0.0375 0.053125 0.05625
4 0.73984375 0.09140625 0.1515625 0.1609375
9 0.25859375 0.13359375 0.1453125 0.1046875
12 0.01484375 0.215625 0.0296875 0.053125
14 0.23515625 0.2125 0.0828125 0.071875
8 0.88203125 0.20625 0.1109375 0.1
7 0.7671875 0.21953125 0.065625 0.0859375
16 0.44609375 0.23984375 0.0484375 0.0515625
14 0.03359375 0.29296875 0.0671875 0.0640625
7 0.98828125 0.3046875 0.0234375 0.071875
9 0.79609375 0.29609375 0.1015625 0.1015625
5 0.43984375 0.321875 0.0828125 0.06875
14 0.82890625 0.3796875 0.0640625 0.0625
4 0.1046875 0.3375 0.109375 0.16875
3 0.521875 0.41875 0.109375 0.10625
5 0.21171875 0.459375 0.0796875 0.053125
6 0.02265625 0.47421875 0.0453125 0.0640625
11 0.99296875 0.6109375 0.0140625 0.040625
14 0.47265625 0.62734375 0.0703125 0.0640625
2 0.75 0.64921875 0.16875 0.0859375
9 0.29375 0.68671875 0.178125 0.0421875
3 0.55 0.8734375 0.08125 0.065625
9 0.73203125 0.89609375 0.1140625 0.1296875
3 0.809375 0.99375 0.015625 0.0125
4 0.453125 0.98125 0.13125 0.0375
0 0.11953125 0.9859375 0.0859375 0.028125