14 0.99921875 0.0015625 0.0015625 0.003125
6 0.275 0.0390625 0.10625 0.071875
16 0.12890625 0.08125 0.0484375 0.046875
15 0.85 0.95234375 0.0625 0.0640625
0 0.934375 0.83125 0.103125 0.125
11 0.80234375 0.85703125 0.0671875 0.0703125
15 0.43203125 0.69921875 0.0609375 0.0609375
10 0.09609375 0.7078125 0.0359375 0.0375
1 0.53359375 0.47890625 0.1359375 0.1765625
4 0.39296875 0.484375 0.0640625 0.153125
8 0.234375 0.4625 0.06875 0.084375
8 0.953125 0.42890625 0.09375 0.0484375
1 0.22109375 0.33046875 0.1421875 0.1984375
0 0.278125 0.3234375 0.140625 0.140625
10 0.6609375 0.3609375 0.0375 0.034375
9 0.2359375 0.31484375 0.015625 0.0140625
8 0.87265625 0.21328125 0.0953125 0.1046875
14 0.54296875 0.19296875 0.0578125 0.0578125
13 0.965625 0.19375 0.053125 0.05
15 0.73828125 0.16015625 0.0609375 0.0515625
0 0.9125 0.07421875 0.140625 0.1265625
7 0.26953125 0.00234375 0.0203125 0.0046875
3 0.97265625 0.0828125 0.0421875 0.046875
7 0.36015625 0.96328125 0.0546875 0.0734375
1 0.94609375 0.72734375 0.1078125 0.2171875
9 0.8703125 0.66171875 0.06875 0.0796875
12 0.80703125 0.29609375 0.0453125 0.0453125
15 0.09921875 0.17421875 0.0609375 0.0609375
9 0.61953125 0.15 0.1265625 0.084375
9 0.3546875 0.125 0.0625 0.121875
7 0.9953125 0.12265625 0.009375 0.0234375