4 0.715625 0.0078125 0.046875 0.015625
5 0.525 0.0328125 0.071875 0.065625
4 0.23359375 0.06796875 0.1359375 0.1140625
9 0.3375 0.11796875 0.1125 0.0328125
0 0.7734375 0.0984375 0.13125 0.109375
16 0.59921875 0.875 0.0421875 0.040625
3 0.6234375 0.83984375 0.06875 0.0828125
11 0.49375 0.825 0.059375 0.065625
2 0.571875 0.75703125 0.11875 0.1421875
2 0.1015625 0.728125 0.10625 0.125
8 0.096875 0.709375 0.08125 0.084375
15 0.728125 0.69921875 0.05625 0.0578125
10 0.98984375 0.6453125 0.0203125 0.034375
3 0.55546875 0.5765625 0.0765625 0.0875
6 0.0921875 0.38359375 0.078125 0.0734375
16 0.00546875 0.36953125 0.0109375 0.0359375
16 0.77109375 0.2859375 0.0421875 0.04375
4 0.934375 0.2375 0.13125 0.046875
8 0.19453125 0.1640625 0.0796875 0.096875
5 0.6953125 0.1703125 0.071875 0.071875
15 0.24140625 0.16875 0.0546875 0.059375
10 0.896875 0.153125 0.034375 0.0375
3 0.86328125 0.04609375 0.0578125 0.0921875
4 0.23984375 0.87890625 0.1046875 0.0796875
16 0.959375 0.8875 0.046875 0.04375
2 0.875 0.75859375 0.125 0.1421875
3 0.71171875 0.7828125 0.0671875 0.065625
11 0.290625 0.7703125 0.065625 0.0625
2 0.87109375 0.70078125 0.1046875 0.1421875
6 0.159375 0.7015625 0.071875 0.084375
2 0.28125 0.62265625 0.1125 0.1109375
5 0.97109375 0.56875 0.0578125 0.028125
9 0.97265625 0.52421875 0.0546875 0.0265625
2 0.64140625 0.2828125 0.1484375 0.075
2 0.84375 0.1546875 0.078125 0.153125
12 0.16875 0.2015625 0.04375 0.04375