2 0.94765625 0.00859375 0.0921875 0.0171875
4 0.0875 0.0140625 0.1 0.028125
11 0.98203125 0.1390625 0.0359375 0.090625
0 0.5140625 0.128125 0.16875 0.190625
0 0.465625 0.20625 0.184375 0.15625
6 0.6703125 0.25234375 0.13125 0.0890625
9 0.64921875 0.39453125 0.1328125 0.0671875
14 0.1734375 0.39609375 0.0625 0.0734375
13 0.73125 0.47734375 0.06875 0.0640625
3 0.6203125 0.64296875 0.11875 0.1421875
5 0.9375 0.7609375 0.103125 0.0625
7 0.44296875 0.8484375 0.1234375 0.065625
8 0.18125 0.85390625 0.14375 0.0765625
9 0.93203125 0.94375 0.0546875 0.1125