1 0.41015625 0.025 0.1546875 0.05
14 0.80078125 0.03515625 0.0734375 0.0703125
0 0.0890625 0.040625 0.178125 0.08125
3 0.27890625 0.06953125 0.1109375 0.0671875
0 0.93671875 0.17890625 0.1265625 0.1421875
3 0.7203125 0.23671875 0.096875 0.1109375
13 0.4640625 0.27421875 0.059375 0.0609375
6 0.0640625 0.30859375 0.128125 0.0984375
11 0.07734375 0.403125 0.0859375 0.08125
5 0.90859375 0.42734375 0.0546875 0.0890625
0 0.77578125 0.52109375 0.1234375 0.1640625
14 0.63671875 0.64140625 0.0734375 0.0765625
2 0.009375 0.64296875 0.01875 0.0765625
14 0.8671875 0.6921875 0.08125 0.084375
11 0.61953125 0.740625 0.0796875 0.084375
15 0.77734375 0.7828125 0.0765625 0.075
7 0.9984375 0.834375 0.003125 0.00625
8 0.56171875 0.7921875 0.1015625 0.1125
2 0.01484375 0.8234375 0.0296875 0.18125
10 0.6890625 0.90703125 0.040625 0.0484375
3 0.33359375 0.97265625 0.0703125 0.0546875
15 0.34609375 0.99296875 0.0578125 0.0140625
15 0.2453125 0.99453125 0.046875 0.0109375