12 0.090625 0.02890625 0.071875 0.0578125
5 0.015625 0.08125 0.03125 0.034375
10 0.45 0.11953125 0.05 0.0578125
9 0.66875 0.2171875 0.146875 0.096875
7 0.99375 0.25078125 0.0125 0.0359375
10 0.35390625 0.27265625 0.0546875 0.0515625
12 0.0359375 0.3140625 0.071875 0.065625
9 0.571875 0.4203125 0.196875 0.053125
8 0.93984375 0.4796875 0.1203125 0.140625
12 0.8359375 0.5375 0.034375 0.0625
3 0.7890625 0.5046875 0.10625 0.15625
11 0.24375 0.5390625 0.096875 0.09375
6 0.5328125 0.525 0.096875 0.146875
10 0.11875 0.5828125 0.0625 0.053125
9 0.99765625 0.6109375 0.0046875 0.0125
7 0.7796875 0.68984375 0.128125 0.0546875
14 0.87890625 0.6921875 0.1265625 0.084375
15 0.35078125 0.74296875 0.0890625 0.0890625
2 0.2640625 0.7984375 0.175 0.1625
0 0.9515625 0.9203125 0.096875 0.159375