8 0.2546875 0.00078125 0.021875 0.0015625
0 0.015625 0.13671875 0.03125 0.0765625
8 0.70078125 0.15859375 0.0828125 0.0796875
7 0.28046875 0.16875 0.0765625 0.065625
14 0.66953125 0.209375 0.0421875 0.01875
11 0.5546875 0.21796875 0.059375 0.0609375
9 0.40625 0.99609375 0.009375 0.0078125
16 0.69921875 0.9796875 0.0421875 0.040625
5 0.378125 0.9734375 0.059375 0.05
6 0.5953125 0.9375 0.1 0.1125
9 0.9125 0.93515625 0.109375 0.0859375
5 0.9640625 0.9125 0.06875 0.053125
2 0.81875 0.85625 0.084375 0.14375
11 0.17578125 0.878125 0.0609375 0.065625
14 0.7421875 0.7984375 0.059375 0.05625
1 0.9859375 0.67734375 0.028125 0.1484375
8 0.040625 0.675 0.08125 0.071875
11 0.996875 0.675 0.00625 0.028125
8 0.37109375 0.6484375 0.0953125 0.06875
14 0.95078125 0.42578125 0.0046875 0.0015625
0 0.55546875 0.35 0.1234375 0.096875
10 0.340625 0.24921875 0.034375 0.0328125
4 0.09609375 0.9375 0.0828125 0.125
5 0.7796875 0.9015625 0.065625 0.0625
13 0.253125 0.67578125 0.046875 0.0453125
16 0.87265625 0.56953125 0.0390625 0.0421875
6 0.85859375 0.45859375 0.0640625 0.0890625
3 0.29140625 0.2796875 0.0859375 0.090625
3 0.278125 0.2546875 0.071875 0.071875
11 0.97890625 0.2578125 0.0421875 0.0625