15 0.16171875 0.00546875 0.0421875 0.0109375
7 0.478125 0.990625 0.03125 0.01875
1 0.9015625 0.96640625 0.15 0.0671875
5 0.32734375 0.97109375 0.0734375 0.0515625
14 0.03984375 0.9546875 0.0796875 0.06875
5 0.76171875 0.92578125 0.0671875 0.0734375
0 0.0140625 0.9 0.028125 0.121875
15 0.60546875 0.85703125 0.0609375 0.0640625
8 0.7578125 0.8 0.084375 0.08125
0 0.41953125 0.68359375 0.1296875 0.1453125
1 0.60625 0.61640625 0.146875 0.1953125
10 0.63125 0.6734375 0.040625 0.034375
15 0.740625 0.59609375 0.0625 0.0609375
15 0.18828125 0.56015625 0.0640625 0.0609375
16 0.9515625 0.4953125 0.0375 0.04375
16 0.37109375 0.4703125 0.0453125 0.046875
5 0.0359375 0.44921875 0.071875 0.0640625
0 0.02890625 0.30859375 0.0578125 0.1265625
15 0.57109375 0.29609375 0.0609375 0.0609375
0 0.29140625 0.2328125 0.1390625 0.134375
0 0.4578125 0.203125 0.14375 0.09375
0 0.0578125 0.15078125 0.115625 0.1546875
11 0.78984375 0.040625 0.0640625 0.06875
0 0.515625 0.025 0.084375 0.05
1 0.809375 0.0203125 0.09375 0.040625
2 0.05390625 0.88671875 0.1078125 0.1515625
6 0.821875 0.7609375 0.103125 0.059375
9 0.11640625 0.7671875 0.1671875 0.034375
15 0.49296875 0.51640625 0.0609375 0.0609375
3 0.6921875 0.12109375 0.059375 0.0984375
5 0.9265625 0.13984375 0.078125 0.0578125
11 0.8890625 0.02109375 0.06875 0.0421875