6 0.70390625 0.01015625 0.0953125 0.0203125
6 0.33671875 0.01015625 0.0984375 0.0203125
8 0.48671875 0.17578125 0.0953125 0.1421875
6 0.0359375 0.2265625 0.071875 0.078125
13 0.98515625 0.23984375 0.0296875 0.0640625
0 0.75078125 0.22265625 0.1640625 0.1828125
4 0.94375 0.2578125 0.1125 0.115625
16 0.08359375 0.46015625 0.0640625 0.0609375
11 0.25078125 0.47421875 0.0796875 0.0828125
13 0.396875 0.49296875 0.053125 0.0671875
4 0.0171875 0.50078125 0.034375 0.0828125
6 0.14375 0.60703125 0.103125 0.0765625
10 0.36796875 0.62578125 0.0421875 0.0546875
0 0.065625 0.690625 0.13125 0.1125
11 0.9703125 0.7328125 0.059375 0.090625
8 0.059375 0.76640625 0.11875 0.1359375
11 0.90390625 0.803125 0.0921875 0.09375
10 0.946875 0.82890625 0.04375 0.0515625
16 0.71484375 0.86015625 0.0609375 0.0640625
13 0.4703125 0.87265625 0.05625 0.0671875
6 0.975 0.9015625 0.05 0.071875
10 0.090625 0.96484375 0.05 0.0515625
11 0.68671875 0.984375 0.0796875 0.03125
2 0.63125 0.934375 0.071875 0.13125
13 0.17734375 0.9828125 0.0703125 0.034375