16 0.3609375 0.01015625 0.040625 0.0203125
6 0.03515625 0.17890625 0.0703125 0.0453125
7 0.9953125 0.1796875 0.009375 0.05
1 0.1421875 0.928125 0.134375 0.14375
0 0.86640625 0.94921875 0.0828125 0.0953125
16 0.6328125 0.93984375 0.04375 0.0453125
16 0.9984375 0.9203125 0.003125 0.025
0 0.43828125 0.85 0.0859375 0.128125
8 0.02109375 0.815625 0.0421875 0.08125
10 0.8671875 0.809375 0.0375 0.0375
3 0.3234375 0.78046875 0.05625 0.0859375
0 0.475 0.70625 0.128125 0.128125
2 0.8546875 0.65546875 0.0625 0.1328125
7 0.43359375 0.70078125 0.0609375 0.0328125
4 0.48828125 0.61171875 0.0765625 0.1046875
12 0.109375 0.57265625 0.046875 0.0421875
12 0.2546875 0.56953125 0.046875 0.0421875
16 0.8515625 0.54375 0.04375 0.040625
4 0.3640625 0.4859375 0.078125 0.1375
6 0.93359375 0.44296875 0.1109375 0.0765625
10 0.7625 0.4546875 0.034375 0.040625
15 0.42421875 0.3421875 0.0546875 0.05625
11 0.5921875 0.334375 0.05625 0.0625
2 0.68203125 0.06953125 0.1484375 0.0921875
7 0.31171875 0.22421875 0.0890625 0.0453125
9 0.0796875 0.96171875 0.03125 0.0765625
6 0.5953125 0.97578125 0.059375 0.0484375
1 0.5609375 0.83125 0.2125 0.20625
15 0.8015625 0.86796875 0.046875 0.0609375
16 0.27109375 0.809375 0.0453125 0.04375
14 0.003125 0.721875 0.00625 0.03125
4 0.8625 0.625 0.15 0.103125
3 0.88828125 0.59765625 0.0796875 0.0890625
2 0.6640625 0.60234375 0.13125 0.0734375
7 0.03203125 0.475 0.0640625 0.065625
12 0.70859375 0.40234375 0.0484375 0.0453125
7 0.54765625 0.38203125 0.0609375 0.0734375
5 0.865625 0.378125 0.0625 0.06875
6 0.88046875 0.325 0.0453125 0.10625
12 0.48828125 0.23515625 0.0515625 0.0421875