10 0.053125 0.03671875 0.040625 0.0484375
15 0.94140625 0.096875 0.0078125 0.0125
9 0.79609375 0.11796875 0.1765625 0.0765625
8 0.61640625 0.10390625 0.1015625 0.1046875
6 0.29609375 0.25703125 0.1078125 0.0390625
0 0.0625 0.23515625 0.115625 0.1484375
4 0.56640625 0.33203125 0.1796875 0.0703125
2 0.06328125 0.39921875 0.1265625 0.1015625
2 0.1671875 0.36875 0.1 0.171875
13 0.01484375 0.4546875 0.0296875 0.0125
16 0.325 0.453125 0.053125 0.053125
15 0.94453125 0.559375 0.0734375 0.06875
1 0.40390625 0.49609375 0.1234375 0.2203125
6 0.2734375 0.56328125 0.09375 0.1265625
16 0.5578125 0.64765625 0.053125 0.0515625
12 0.66875 0.69453125 0.059375 0.0515625
11 0.60859375 0.72578125 0.0734375 0.0796875
16 0.98125 0.75546875 0.0375 0.0515625
13 0.228125 0.8140625 0.059375 0.059375
5 0.871875 0.80546875 0.0875 0.0859375
4 0.7 0.82109375 0.1375 0.0734375
8 0.57109375 0.92265625 0.1171875 0.0828125
8 0.23671875 0.93671875 0.1046875 0.0890625
9 0.88125 0.9671875 0.13125 0.065625
4 0.23984375 0.98515625 0.0609375 0.0296875