8 0.41953125 0.01328125 0.0921875 0.0265625
1 0.78046875 0.0234375 0.1296875 0.046875
12 0.02890625 0.11953125 0.0578125 0.0734375
2 0.63359375 0.10625 0.0734375 0.2125
1 0.16875 0.12734375 0.1875 0.2546875
4 0.52265625 0.24296875 0.0984375 0.2546875
6 0.16484375 0.47578125 0.1546875 0.1078125
8 0.82890625 0.49921875 0.1203125 0.1046875
2 0.884375 0.45390625 0.23125 0.2203125
6 0.34765625 0.5484375 0.1640625 0.13125
9 0.559375 0.5734375 0.203125 0.0875
8 0.94375 0.60078125 0.1125 0.1390625
4 0.653125 0.696875 0.128125 0.125
14 0.9375 0.72109375 0.075 0.0828125
14 0.021875 0.7234375 0.04375 0.08125
11 0.06015625 0.73671875 0.1046875 0.0984375
9 0.56484375 0.83359375 0.1734375 0.0828125
6 0.859375 0.84921875 0.134375 0.1234375
16 0.75 0.93203125 0.06875 0.0703125
15 0.62890625 0.99140625 0.0640625 0.0171875