10 0.04375 0.00390625 0.028125 0.0078125
13 0.98125 0.0984375 0.0375 0.065625
13 0.5359375 0.1390625 0.05625 0.0625
4 0.36484375 0.125 0.1921875 0.10625
10 0.11953125 0.1765625 0.0484375 0.04375
8 0.0328125 0.14609375 0.065625 0.1203125
7 0.51328125 0.25390625 0.0828125 0.0296875
1 0.02890625 0.20625 0.0578125 0.15625
6 0.00234375 0.28046875 0.0046875 0.0328125
0 0.6828125 0.2265625 0.125 0.159375
10 0.1546875 0.38984375 0.04375 0.0515625
2 0.07421875 0.39140625 0.1484375 0.1078125
3 0.4375 0.4890625 0.04375 0.078125
7 0.1203125 0.565625 0.10625 0.040625
0 0.9796875 0.6515625 0.040625 0.084375
0 0.9375 0.74140625 0.125 0.1578125
7 0.9703125 0.96875 0.059375 0.04375
2 0.75078125 0.98203125 0.0640625 0.0359375
1 0.68359375 0.903125 0.1703125 0.19375
0 0.471875 0.98984375 0.06875 0.0203125
7 0.36796875 0.978125 0.0859375 0.04375
3 0.209375 0.98984375 0.046875 0.0203125
6 0.09453125 0.9625 0.1421875 0.075