3 0.9328125 0.015625 0.084375 0.03125
4 0.3 0.0484375 0.08125 0.096875
13 0.09765625 0.121875 0.0796875 0.075
14 0.015625 0.1515625 0.03125 0.071875
10 0.2609375 0.165625 0.05625 0.053125
6 0.93671875 0.17890625 0.1265625 0.1109375
16 0.99609375 0.3078125 0.0078125 0.009375
10 0.33671875 0.3546875 0.0609375 0.046875
16 0.24609375 0.3625 0.0640625 0.0625
7 0.815625 0.3828125 0.134375 0.065625
9 0.99921875 0.43359375 0.0015625 0.0359375
7 0.17109375 0.46875 0.1109375 0.0875
12 0.8078125 0.553125 0.05625 0.021875
11 0.1671875 0.60859375 0.103125 0.0953125
13 0.50390625 0.70234375 0.0703125 0.0734375
16 0.68828125 0.72890625 0.0671875 0.0703125
13 0.95234375 0.82109375 0.0765625 0.0734375
8 0.8765625 0.80390625 0.125 0.1203125
7 0.496875 0.953125 0.10625 0.04375
0 0.71328125 0.93984375 0.1828125 0.1203125