6 0.2953125 0.00234375 0.0125 0.0046875
1 0.46484375 0.02421875 0.1140625 0.0484375
2 0.2984375 0.0484375 0.05 0.015625
6 0.59609375 0.0296875 0.1296875 0.059375
7 0.8140625 0.0765625 0.125 0.08125
1 0.02734375 0.0875 0.0546875 0.140625
5 0.26796875 0.22578125 0.0984375 0.0953125
12 0.61484375 0.2625 0.0734375 0.059375
7 0.909375 0.28828125 0.115625 0.1015625
9 0.0609375 0.50546875 0.121875 0.0234375
0 0.4203125 0.5125 0.140625 0.146875
3 0.01640625 0.65546875 0.0328125 0.1140625
16 0.090625 0.7171875 0.065625 0.065625
8 0.9828125 0.82890625 0.034375 0.0671875
6 0.109375 0.85390625 0.15 0.1546875
3 0.55625 0.9859375 0.075 0.028125