11 0.90859375 0.03828125 0.0953125 0.0765625
4 0.1359375 0.06015625 0.103125 0.1203125
4 0.50625 0.1234375 0.13125 0.09375
14 0.04609375 0.3421875 0.0921875 0.075
12 0.78046875 0.371875 0.0609375 0.059375
13 0.00703125 0.40546875 0.0140625 0.0546875
14 0.475 0.4234375 0.078125 0.09375
3 0.0078125 0.45546875 0.015625 0.0359375
14 0.88203125 0.48359375 0.0953125 0.0734375
6 0.03125 0.5546875 0.0625 0.121875
15 0.12421875 0.753125 0.0890625 0.084375
7 0.55 0.778125 0.0875 0.10625
12 0.76640625 0.82734375 0.0390625 0.0203125
6 0.0015625 0.8390625 0.003125 0.01875
0 0.890625 0.8140625 0.146875 0.175
6 0.484375 0.90234375 0.134375 0.1140625
2 0.99140625 0.94140625 0.0171875 0.0734375
1 0.70078125 0.8984375 0.1984375 0.203125
12 0.3390625 0.98125 0.0625 0.0375
5 0.14453125 0.9640625 0.1015625 0.071875