8 0.77265625 0.0078125 0.0984375 0.015625
5 0.41328125 0.0671875 0.0828125 0.09375
8 0.0171875 0.08828125 0.034375 0.1015625
7 0.24140625 0.1234375 0.1015625 0.071875
2 0.87578125 0.1046875 0.1265625 0.190625
9 0.57109375 0.13203125 0.0890625 0.1859375
16 0.2390625 0.203125 0.05625 0.053125
10 0.8421875 0.27734375 0.046875 0.0453125
5 0.5078125 0.29296875 0.01875 0.0203125
7 0.15 0.3046875 0.109375 0.090625
10 0.74296875 0.3375 0.0546875 0.046875
3 0.51796875 0.32734375 0.1109375 0.1109375
10 0.2140625 0.40390625 0.05 0.0453125
14 0.0109375 0.4171875 0.021875 0.059375
1 0.9453125 0.371875 0.109375 0.196875
10 0.90390625 0.546875 0.0515625 0.04375
7 0.42578125 0.5359375 0.0984375 0.10625
11 0.7390625 0.578125 0.08125 0.078125
11 0.6265625 0.64453125 0.075 0.0734375
5 0.3984375 0.64921875 0.075 0.0796875
2 0.0546875 0.628125 0.10625 0.18125
7 0.81484375 0.684375 0.0859375 0.08125
11 0.57109375 0.6875 0.0765625 0.075
4 0.953125 0.778125 0.09375 0.121875
8 0.434375 0.81015625 0.1125 0.1265625
7 0.1640625 0.84453125 0.04375 0.1109375
7 0.00078125 0.9 0.0015625 0.003125
7 0.55 0.88203125 0.10625 0.0578125
8 0.88515625 0.96953125 0.1140625 0.0609375