0 0.1375 0.01328125 0.053125 0.0265625
16 0.7421875 0.07734375 0.04375 0.0484375
10 0.8421875 0.97734375 0.0375 0.0453125
3 0.11328125 0.94453125 0.0828125 0.0984375
2 0.87890625 0.934375 0.1296875 0.11875
14 0.2578125 0.8921875 0.053125 0.071875
13 0.66875 0.88515625 0.046875 0.0484375
16 0.2421875 0.75234375 0.040625 0.0421875
1 0.5015625 0.60703125 0.196875 0.1328125
10 0.93984375 0.54375 0.0359375 0.040625
10 0.81953125 0.49375 0.0359375 0.0375
15 0.228125 0.475 0.059375 0.05625
16 0.94765625 0.4453125 0.0484375 0.04375
8 0.11875 0.41796875 0.071875 0.0859375
11 0.15078125 0.340625 0.0703125 0.0625
6 0.48359375 0.259375 0.0765625 0.059375
8 0.009375 0.24453125 0.01875 0.0359375
7 0.8171875 0.16796875 0.090625 0.0359375
10 0.71328125 0.15390625 0.0359375 0.0453125
10 0.35859375 0.00625 0.0390625 0.0125
6 0.6171875 0.01171875 0.05 0.0234375
2 0.08828125 0.0171875 0.0671875 0.034375
14 0.67265625 0.04765625 0.0734375 0.0578125
15 0.38984375 0.9421875 0.0578125 0.0625
10 0.56015625 0.94140625 0.0390625 0.0421875
9 0.0265625 0.56328125 0.053125 0.0484375
12 0.84921875 0.33828125 0.0453125 0.0484375
16 0.634375 0.18515625 0.04375 0.0453125
5 0.24765625 0.15546875 0.0390625 0.0734375