6 0.009375 0.009375 0.01875 0.01875
1 0.3859375 0.0171875 0.134375 0.034375
11 0.64765625 0.140625 0.0859375 0.090625
5 0.07578125 0.175 0.1015625 0.053125
6 0.84296875 0.20546875 0.1546875 0.0765625
1 0.01875 0.19375 0.0375 0.1125
7 0.68828125 0.3546875 0.1109375 0.1125
12 0.55546875 0.47890625 0.0609375 0.0578125
6 0.66796875 0.596875 0.1296875 0.125
5 0.76015625 0.6234375 0.0828125 0.075
5 0.68203125 0.68671875 0.0890625 0.0984375
2 0.09921875 0.659375 0.1453125 0.2
1 0.01015625 0.7390625 0.0203125 0.1
10 0.0390625 0.8515625 0.05 0.05625
7 0.99296875 0.8640625 0.0140625 0.0375
9 0.26015625 0.8046875 0.0859375 0.225
13 0.8734375 0.88828125 0.065625 0.0703125
14 0.31484375 0.95390625 0.0890625 0.0921875