4 0.5734375 0.06640625 0.11875 0.1328125
11 0.15859375 0.096875 0.0765625 0.084375
14 0.5796875 0.24921875 0.075 0.0703125
14 0.29921875 0.3140625 0.0671875 0.065625
6 0.965625 0.33515625 0.06875 0.0453125
6 0.78359375 0.29609375 0.1390625 0.1296875
5 0.059375 0.32109375 0.090625 0.0796875
11 0.6015625 0.37578125 0.075 0.0734375
10 0.959375 0.4578125 0.046875 0.040625
5 0.49765625 0.47578125 0.0890625 0.0578125
1 0.003125 0.675 0.00625 0.040625
9 0.446875 0.67578125 0.134375 0.0484375
15 0.23671875 0.71640625 0.0609375 0.0703125
4 0.04765625 0.74296875 0.0859375 0.1359375
4 0.28046875 0.75546875 0.1171875 0.1890625
2 0.709375 0.83125 0.1125 0.178125
15 0.73046875 0.93046875 0.0640625 0.0265625
9 0.96484375 0.94765625 0.0703125 0.1046875
6 0.05859375 0.928125 0.1015625 0.14375