2 0.6234375 0.00234375 0.021875 0.0046875
13 0.76796875 0.06171875 0.0484375 0.0484375
9 0.04375 0.0765625 0.0875 0.071875
14 0.4078125 0.2234375 0.071875 0.05
8 0.16640625 0.221875 0.0859375 0.090625
14 0.31796875 0.971875 0.0640625 0.05625
0 0.60390625 0.990625 0.0546875 0.01875
9 0.76953125 0.9703125 0.0984375 0.059375
8 0.9578125 0.88671875 0.04375 0.0609375
8 0.66796875 0.846875 0.0921875 0.090625
0 0.96953125 0.8296875 0.0578125 0.096875
15 0.2078125 0.8203125 0.05625 0.05625
16 0.62734375 0.79765625 0.0421875 0.0421875
16 0.3625 0.7765625 0.040625 0.04375
15 0.45546875 0.73984375 0.0546875 0.0578125
2 0.40390625 0.54375 0.0453125 0.134375
13 0.47265625 0.484375 0.0453125 0.04375
4 0.24375 0.26875 0.075 0.15
8 0.040625 0.26328125 0.08125 0.0796875
1 0.94765625 0.20859375 0.1046875 0.1828125
15 0.51015625 0.27109375 0.0546875 0.0546875
16 0.53984375 0.02421875 0.0421875 0.0453125
5 0.60859375 0.1078125 0.0421875 0.071875
2 0.20546875 0.08125 0.1046875 0.146875
2 0.5125 0.13671875 0.134375 0.0640625
9 0.8859375 0.16171875 0.078125 0.1171875
9 0.2484375 0.99375 0.096875 0.0125
8 0.525 0.78984375 0.075 0.0640625
12 0.63203125 0.6765625 0.0421875 0.04375
3 0.02421875 0.6484375 0.0484375 0.08125
9 0.60703125 0.5703125 0.1265625 0.0375