7 0.8796875 0.01796875 0.040625 0.0359375
2 0.77421875 0.1578125 0.0578125 0.071875
6 0.23203125 0.1421875 0.1609375 0.134375
0 0.52734375 0.1640625 0.2109375 0.15
4 0.97890625 0.2234375 0.0421875 0.24375
15 0.84140625 0.40078125 0.1046875 0.1015625
13 0.353125 0.54453125 0.078125 0.0828125
7 0.45546875 0.67578125 0.1171875 0.0703125
8 0.23984375 0.8171875 0.1671875 0.16875
15 0.3578125 0.93515625 0.096875 0.1046875
13 0.5640625 0.971875 0.078125 0.05625
0 0.40390625 0.97421875 0.1203125 0.0515625
8 0.36328125 0.9921875 0.0859375 0.015625