2 0.709375 0.04296875 0.165625 0.0859375
0 0.953125 0.0640625 0.09375 0.128125
14 0.63203125 0.10078125 0.0921875 0.0578125
1 0.02578125 0.06640625 0.0515625 0.1328125
15 0.10625 0.21875 0.075 0.071875
16 0.36171875 0.2484375 0.0515625 0.053125
0 0.68203125 0.2078125 0.0921875 0.146875
13 0.78359375 0.2734375 0.0578125 0.05625
2 0.31796875 0.378125 0.1828125 0.11875
9 0.54140625 0.5890625 0.0953125 0.075
5 0.9515625 0.603125 0.0875 0.084375
6 0.021875 0.6125 0.04375 0.08125
2 0.0828125 0.58046875 0.096875 0.1921875
2 0.54921875 0.60234375 0.0859375 0.1859375
0 0.4390625 0.66015625 0.10625 0.1484375
11 0.91640625 0.71171875 0.0859375 0.0734375
8 0.76953125 0.7171875 0.1140625 0.090625
9 0.7796875 0.775 0.115625 0.06875
9 0.36875 0.79140625 0.14375 0.0515625
1 0.96953125 0.7375 0.0609375 0.209375
0 0.2296875 0.76953125 0.1375 0.1578125
10 0.52109375 0.8984375 0.0390625 0.046875
3 0.7421875 0.9078125 0.109375 0.078125
4 0.74296875 0.96875 0.0640625 0.0625
1 0.0578125 0.996875 0.01875 0.00625