14 0.4046875 0.00546875 0.075 0.0109375
8 0.8109375 0.99453125 0.059375 0.0109375
0 0.96640625 0.99765625 0.0390625 0.0046875
15 0.29375 0.93984375 0.065625 0.0703125
0 0.78515625 0.80078125 0.1015625 0.1484375
8 0.3921875 0.753125 0.08125 0.08125
8 0.44140625 0.684375 0.0828125 0.10625
2 0.4515625 0.66484375 0.13125 0.1078125
0 0.86796875 0.59453125 0.1546875 0.1453125
14 0.12890625 0.51328125 0.0765625 0.0546875
8 0.37578125 0.3375 0.1109375 0.109375
16 0.08046875 0.1859375 0.0515625 0.05
0 0.9046875 0.07265625 0.153125 0.1453125
16 0.990625 0.07890625 0.01875 0.0484375
6 0.58828125 0.93125 0.1015625 0.08125
9 0.40859375 0.87109375 0.0703125 0.1015625
3 0.01953125 0.6046875 0.0390625 0.090625
11 0.94453125 0.42109375 0.0765625 0.0640625
4 0.6671875 0.3984375 0.065625 0.0875
15 0.58984375 0.32734375 0.0640625 0.0640625
10 0.63515625 0.19921875 0.0359375 0.0453125
8 0.2140625 0.11015625 0.10625 0.0984375