10 0.5828125 0.00625 0.05 0.0125
1 0.0109375 0.09609375 0.021875 0.1234375
7 0.4703125 0.18046875 0.0625 0.1109375
16 0.83046875 0.2171875 0.0609375 0.059375
1 0.3265625 0.13203125 0.20625 0.2640625
16 0.94296875 0.30078125 0.0640625 0.0609375
7 0.08125 0.3859375 0.103125 0.096875
11 0.37734375 0.534375 0.0890625 0.0875
5 0.65546875 0.55859375 0.0953125 0.0921875
14 0.934375 0.63828125 0.084375 0.0671875
12 0.996875 0.76171875 0.00625 0.0140625
2 0.753125 0.73359375 0.2 0.1546875
4 0.01796875 0.8015625 0.0359375 0.103125
13 0.59296875 0.9140625 0.0671875 0.065625
0 0.4953125 0.928125 0.109375 0.14375
10 0.29921875 0.9859375 0.0453125 0.028125
9 0.1671875 0.975 0.05625 0.05