3 0.3421875 0.1109375 0.0875 0.103125
2 0.496875 0.14765625 0.134375 0.1203125
15 0.571875 0.19921875 0.040625 0.0640625
2 0.99453125 0.2125 0.0109375 0.096875
7 0.13984375 0.23828125 0.0859375 0.0921875
7 0.01796875 0.27578125 0.0359375 0.0859375
10 0.8953125 0.31953125 0.053125 0.0421875
10 0.84296875 0.36328125 0.0421875 0.0421875
3 0.04296875 0.53671875 0.0859375 0.0984375
13 0.56171875 0.5625 0.0546875 0.053125
4 0.98984375 0.540625 0.0203125 0.10625
11 0.83515625 0.5671875 0.0765625 0.071875
16 0.4671875 0.5828125 0.05 0.05
10 0.8359375 0.6234375 0.04375 0.040625
14 0.11640625 0.665625 0.0765625 0.0625
16 0.17578125 0.72890625 0.0515625 0.0515625
8 0.0515625 0.7421875 0.103125 0.0875
12 0.10625 0.7640625 0.065625 0.05
12 0.92265625 0.8109375 0.0546875 0.05
1 0.70859375 0.73125 0.2171875 0.246875
11 0.196875 0.89296875 0.071875 0.0390625
12 0.63515625 0.94765625 0.0484375 0.0515625
8 0.35234375 0.9796875 0.0953125 0.040625