0 0.89609375 0.009375 0.1484375 0.01875
13 0.43125 0.065625 0.078125 0.08125
16 0.7875 0.24921875 0.071875 0.0671875
2 0.2984375 0.27421875 0.184375 0.1984375
5 0.99140625 0.34609375 0.0171875 0.0796875
3 0.7859375 0.428125 0.11875 0.13125
12 0.28515625 0.5484375 0.0484375 0.075
1 0.65390625 0.50859375 0.2046875 0.2421875
12 0.51328125 0.60703125 0.0640625 0.0703125
1 0.36171875 0.5703125 0.1453125 0.2875
15 0.71484375 0.73515625 0.0890625 0.0921875
15 0.0390625 0.825 0.078125 0.090625
16 0.9875 0.9703125 0.025 0.05
10 0.25625 0.96953125 0.06875 0.0609375