12 0.1203125 0.02734375 0.0625 0.0546875
16 0.6625 0.1671875 0.059375 0.0625
8 0.68671875 0.29140625 0.0953125 0.1234375
15 0.81015625 0.3265625 0.0828125 0.08125
2 0.90625 0.29375 0.165625 0.2125
4 0.3078125 0.4203125 0.1125 0.2125
2 0.89296875 0.5515625 0.1609375 0.140625
10 0.55 0.70078125 0.053125 0.0515625
5 0.22578125 0.7484375 0.0609375 0.096875
13 0.95390625 0.771875 0.0703125 0.065625
0 0.8390625 0.78125 0.19375 0.18125
9 0.67421875 0.846875 0.1734375 0.071875
8 0.52890625 0.8640625 0.1109375 0.128125
2 0.07890625 0.93515625 0.0953125 0.0859375