6 0.3984375 0.98671875 0.053125 0.0265625
1 0.1609375 0.86796875 0.08125 0.1953125
11 0.8984375 0.87734375 0.06875 0.0734375
4 0.98671875 0.78671875 0.0265625 0.0453125
5 0.59375 0.7078125 0.071875 0.046875
1 0.3484375 0.46484375 0.140625 0.1828125
10 0.1390625 0.45078125 0.0375 0.0453125
8 0.01015625 0.39296875 0.0203125 0.0765625
7 0.19140625 0.38125 0.0859375 0.071875
0 0.053125 0.29375 0.090625 0.140625
0 0.34921875 0.22265625 0.0859375 0.1234375
10 0.1125 0.2265625 0.040625 0.040625
8 0.990625 0.17109375 0.01875 0.0890625
5 0.9375 0.025 0.053125 0.05
11 0.54921875 0.96953125 0.0609375 0.0609375
7 0.8421875 0.90625 0.08125 0.0625
2 0.25078125 0.46015625 0.0640625 0.0578125
12 0.46796875 0.40234375 0.0546875 0.0453125
4 0.640625 0.34453125 0.09375 0.0984375
3 0.78125 0.28125 0.06875 0.09375
11 0.30390625 0.28671875 0.0640625 0.0640625
16 0.78671875 0.11171875 0.0484375 0.0484375