3 0.2984375 0.00625 0.0875 0.0125
13 0.515625 0.0078125 0.04375 0.015625
12 0.9375 0.01015625 0.040625 0.0203125
3 0.06875 0.02265625 0.0875 0.0453125
4 0.40390625 0.0296875 0.0578125 0.059375
1 0.73828125 0.03515625 0.1453125 0.0703125
13 0.765625 0.96171875 0.053125 0.0546875
10 0.13984375 0.95703125 0.0453125 0.0390625
13 0.25 0.925 0.053125 0.053125
1 0.26171875 0.77578125 0.1984375 0.2234375
5 0.65703125 0.79375 0.0734375 0.075
11 0.40390625 0.78984375 0.0640625 0.0703125
1 0.65 0.50859375 0.08125 0.2109375
11 0.87734375 0.484375 0.0671875 0.0625
10 0.6703125 0.390625 0.0375 0.0375
0 0.009375 0.37109375 0.01875 0.0703125
13 0.178125 0.34140625 0.05 0.0484375
6 0.0171875 0.93359375 0.034375 0.0984375
1 0.4546875 0.89375 0.14375 0.15625
7 0.346875 0.7421875 0.06875 0.04375
12 0.1203125 0.62421875 0.046875 0.0453125
7 0.96328125 0.54296875 0.0734375 0.0265625
11 0.56640625 0.33203125 0.0640625 0.0671875
4 0.18984375 0.2703125 0.0953125 0.165625
3 0.44375 0.2640625 0.090625 0.08125
10 0.8875 0.20234375 0.0375 0.0390625
2 0.80390625 0.08671875 0.0984375 0.0953125