0 0.26640625 0.02109375 0.1421875 0.0421875
14 0.25625 0.06640625 0.140625 0.0984375
5 0.5515625 0.09296875 0.125 0.1296875
14 0.21328125 0.20390625 0.0921875 0.1046875
16 0.06875 0.31953125 0.0875 0.0796875
16 0.4890625 0.35703125 0.078125 0.0796875
3 0.68671875 0.328125 0.1609375 0.1625
2 0.94609375 0.28671875 0.1078125 0.2515625
9 0.546875 0.58984375 0.196875 0.0578125
6 0.86328125 0.6375 0.1703125 0.171875
13 0.1046875 0.9140625 0.090625 0.084375
6 0.62578125 0.96875 0.1640625 0.0625
0 0.4046875 0.94375 0.146875 0.1125