15 0.41640625 0.028125 0.0546875 0.05625
8 0.69609375 0.05703125 0.0734375 0.0765625
8 0.646875 0.09453125 0.09375 0.0984375
15 0.1671875 0.18671875 0.05625 0.0578125
15 0.01796875 0.1921875 0.0359375 0.059375
4 0.94140625 0.996875 0.0234375 0.00625
14 0.003125 0.971875 0.00625 0.03125
9 0.99921875 0.86484375 0.0015625 0.0078125
11 0.27421875 0.82734375 0.0609375 0.0640625
3 0.67578125 0.76015625 0.0578125 0.0859375
0 0.8 0.72421875 0.11875 0.1359375
11 0.91953125 0.71015625 0.0671875 0.0640625
11 0.97734375 0.71015625 0.0453125 0.0578125
4 0.04140625 0.68515625 0.0828125 0.0984375
5 0.16953125 0.67421875 0.0734375 0.0609375
5 0.23515625 0.61171875 0.0703125 0.0515625
7 0.97265625 0.5515625 0.0546875 0.04375
10 0.246875 0.53671875 0.0375 0.0328125
6 0.31796875 0.47578125 0.0421875 0.0859375
8 0.11796875 0.29609375 0.0703125 0.0984375
16 0.74609375 0.30859375 0.0328125 0.0359375
2 0.03984375 0.26796875 0.0796875 0.1046875
13 0.12578125 0.24765625 0.0484375 0.0265625
14 0.50859375 0.0171875 0.0515625 0.034375
9 0.853125 0.04296875 0.059375 0.0859375
13 0.99609375 0.17265625 0.0078125 0.0328125
5 0.41015625 0.20078125 0.0546875 0.0390625
11 0.53984375 0.93671875 0.0578125 0.0671875
7 0.99375 0.8375 0.0125 0.046875
4 0.30625 0.7625 0.0875 0.11875
6 0.12734375 0.74453125 0.1140625 0.1046875
15 0.86171875 0.62578125 0.0578125 0.0546875
6 0.98046875 0.6140625 0.0390625 0.075
3 0.821875 0.54609375 0.0875 0.0890625
4 0.78671875 0.52421875 0.0484375 0.0796875
12 0.525 0.53828125 0.04375 0.0421875
12 0.3609375 0.52734375 0.04375 0.0421875
2 0.978125 0.3390625 0.04375 0.075
9 0.27109375 0.259375 0.0359375 0.084375
3 0.78125 0.2671875 0.021875 0.01875