7 0.5453125 0.00546875 0.025 0.0109375
6 0.7640625 0.03125 0.096875 0.0625
13 0.590625 0.06015625 0.0625 0.0671875
12 0.88359375 0.115625 0.0640625 0.065625
11 0.71953125 0.415625 0.0796875 0.075
2 0.66015625 0.3640625 0.0859375 0.178125
12 0.45703125 0.453125 0.0609375 0.04375
10 0.98203125 0.4921875 0.0359375 0.05
11 0.01640625 0.66015625 0.0328125 0.0828125
0 0.7828125 0.703125 0.15625 0.175
2 0.096875 0.825 0.190625 0.146875
9 0.94375 0.8265625 0.1125 0.184375
9 0.621875 0.85625 0.1625 0.153125