13 0.603125 0.00078125 0.003125 0.0015625
0 0.965625 0.021875 0.06875 0.04375
0 0.99375 0.97890625 0.0125 0.0421875
0 0.6265625 0.88671875 0.115625 0.1484375
5 0.00859375 0.92578125 0.0171875 0.0421875
5 0.0234375 0.75859375 0.046875 0.0703125
1 0.93359375 0.69140625 0.1328125 0.1984375
8 0.07265625 0.73046875 0.1109375 0.0703125
16 0.603125 0.70546875 0.046875 0.0484375
2 0.0328125 0.6578125 0.0625 0.128125
8 0.68203125 0.528125 0.0671875 0.096875
1 0.47421875 0.42265625 0.1546875 0.1953125
14 0.32265625 0.4046875 0.0796875 0.04375
8 0.16796875 0.240625 0.0859375 0.084375
0 0.7828125 0.121875 0.0875 0.040625
7 0.99921875 0.1359375 0.0015625 0.0125
14 0.3171875 0.01640625 0.059375 0.0328125
4 0.5984375 0.03828125 0.1375 0.0765625
6 0.078125 0.99375 0.028125 0.0125
12 0.57890625 0.58203125 0.0453125 0.0484375
7 0.95 0.5765625 0.06875 0.04375
7 0.9578125 0.49765625 0.084375 0.0734375
15 0.76484375 0.48984375 0.0609375 0.0609375
13 0.8609375 0.48046875 0.05625 0.0515625
3 0.68828125 0.41171875 0.1015625 0.0859375
2 0.03515625 0.39140625 0.0703125 0.0859375
12 0.55078125 0.378125 0.0484375 0.046875
1 0.6515625 0.1046875 0.190625 0.19375