6 0.35703125 0.01796875 0.0765625 0.0359375
16 0.809375 0.0671875 0.04375 0.046875
1 0.81484375 0.1421875 0.1515625 0.084375
0 0.4828125 0.96640625 0.08125 0.0671875
8 0.99921875 0.98046875 0.0015625 0.0109375
5 0.6265625 0.94375 0.0125 0.015625
14 0.8328125 0.7953125 0.078125 0.05625
8 0.1484375 0.7640625 0.0875 0.0875
0 0.26796875 0.72421875 0.1328125 0.0984375
10 0.92734375 0.71015625 0.0390625 0.0390625
14 0.0171875 0.6828125 0.034375 0.0375
0 0.096875 0.515625 0.140625 0.1
0 0.7296875 0.4953125 0.103125 0.10625
8 0.73671875 0.46328125 0.0890625 0.0796875
0 0.38359375 0.3484375 0.0859375 0.13125
7 0.18046875 0.353125 0.0703125 0.08125
11 0.60703125 0.215625 0.0609375 0.0625
4 0.77578125 0.0078125 0.0609375 0.015625
5 0.3875 0.1625 0.065625 0.046875
4 0.51484375 0.88046875 0.1109375 0.1171875
11 0.07734375 0.8984375 0.0671875 0.065625
12 0.225 0.90546875 0.05625 0.0453125
7 0.315625 0.8546875 0.071875 0.06875
14 0.85859375 0.44765625 0.0546875 0.0515625
9 0.09140625 0.36796875 0.0828125 0.1015625
4 0.70859375 0.1890625 0.0734375 0.153125