7 0.4390625 0.02265625 0.1 0.0453125
13 0.64296875 0.11953125 0.0546875 0.0578125
8 0.9546875 0.10390625 0.0875 0.1078125
8 0.43671875 0.11640625 0.0921875 0.1109375
6 0.975 0.18203125 0.05 0.0453125
8 0.98828125 0.1875 0.0234375 0.06875
14 0.459375 0.35859375 0.071875 0.0796875
0 0.54765625 0.36328125 0.1203125 0.1109375
14 0.2171875 0.403125 0.078125 0.0625
2 0.05859375 0.36328125 0.1171875 0.1546875
8 0.73671875 0.396875 0.1015625 0.090625
9 0.86328125 0.42421875 0.0953125 0.0671875
5 0.515625 0.49296875 0.078125 0.0765625
6 0.06171875 0.51953125 0.1234375 0.0453125
1 0.4609375 0.4671875 0.20625 0.16875
8 0.5984375 0.5765625 0.096875 0.090625
9 0.79296875 0.615625 0.1703125 0.040625
1 0.7390625 0.54140625 0.140625 0.2453125
15 0.35625 0.66015625 0.065625 0.0671875
3 0.5734375 0.67890625 0.0625 0.1015625
13 0.59296875 0.71796875 0.0546875 0.0546875
3 0.64765625 0.8546875 0.0640625 0.0625
2 0.04140625 0.84609375 0.0828125 0.0953125
14 0.99921875 0.91171875 0.0015625 0.0015625
7 0.475 0.9015625 0.03125 0.075
5 0.5734375 0.92265625 0.06875 0.0390625
11 0.78125 0.90625 0.06875 0.078125
1 0.53828125 0.84765625 0.2171875 0.2484375
3 0.909375 0.9921875 0.009375 0.015625