5 0.6375 0.0140625 0.075 0.028125
10 0.54921875 0.0546875 0.0390625 0.04375
7 0.0578125 0.0734375 0.103125 0.04375
6 0.37734375 0.04921875 0.1109375 0.0984375
14 0.49140625 0.0640625 0.0734375 0.084375
1 0.89296875 0.08125 0.1734375 0.1625
2 0.50078125 0.1875 0.1328125 0.065625
1 0.296875 0.1421875 0.18125 0.21875
2 0.8078125 0.2 0.18125 0.11875
0 0.03359375 0.25703125 0.0671875 0.1171875
9 0.346875 0.39765625 0.096875 0.1359375
10 0.88125 0.45078125 0.04375 0.0390625
9 0.95859375 0.465625 0.0828125 0.05
11 0.6234375 0.47265625 0.065625 0.0609375
1 0.22421875 0.4109375 0.1703125 0.2
10 0.3125 0.52265625 0.040625 0.0390625
8 0.67421875 0.51171875 0.0734375 0.0984375
1 0.08359375 0.5265625 0.1546875 0.178125
11 0.25625 0.70078125 0.065625 0.0703125
5 0.11796875 0.715625 0.0609375 0.065625
3 0.4109375 0.72421875 0.078125 0.1015625
14 0.60703125 0.7609375 0.0640625 0.059375
16 0.20625 0.81796875 0.00625 0.0078125
11 0.1125 0.82421875 0.071875 0.0734375
4 0.82890625 0.875 0.0609375 0.184375
9 0.98671875 0.98046875 0.0265625 0.0390625
5 0.0359375 0.97265625 0.071875 0.0546875