14 0.0140625 0.0140625 0.028125 0.028125
7 0.721875 0.046875 0.09375 0.09375
6 0.4953125 0.98984375 0.096875 0.0203125
0 0.57421875 0.81640625 0.1015625 0.1328125
12 0.35546875 0.83203125 0.0484375 0.0453125
8 0.20859375 0.76953125 0.0953125 0.0984375
10 0.6921875 0.7359375 0.0375 0.0375
0 0.878125 0.59453125 0.128125 0.1453125
8 0.21484375 0.55234375 0.0796875 0.0859375
16 0.60859375 0.51640625 0.0453125 0.0453125
1 0.6390625 0.43125 0.2125 0.175
10 0.68125 0.4609375 0.0375 0.01875
2 0.9671875 0.365625 0.065625 0.08125
0 0.52265625 0.325 0.1453125 0.14375
8 0.74375 0.325 0.09375 0.053125
8 0.05234375 0.1765625 0.0921875 0.096875
1 0.71015625 0.0421875 0.1484375 0.084375
7 0.1953125 0.06953125 0.0875 0.0640625
3 0.74921875 0.83203125 0.0703125 0.0984375
9 0.07109375 0.74375 0.0453125 0.0875
12 0.24140625 0.6328125 0.0453125 0.046875
11 0.5453125 0.584375 0.0625 0.059375
11 0.821875 0.584375 0.053125 0.059375
2 0.52578125 0.51875 0.1484375 0.13125
8 0.95078125 0.42578125 0.0984375 0.1046875
15 0.4953125 0.1953125 0.059375 0.0625