0 0.059375 0.015625 0.065625 0.03125
1 0.95546875 0.0328125 0.0890625 0.065625
9 0.98203125 0.0921875 0.0359375 0.071875
0 0.18125 0.209375 0.10625 0.153125
9 0.9515625 0.37578125 0.096875 0.0734375
13 0.603125 0.415625 0.04375 0.040625
6 0.94296875 0.45078125 0.1140625 0.0734375
3 0.78671875 0.49453125 0.0984375 0.0984375
3 0.98125 0.52265625 0.0375 0.0984375
2 0.11171875 0.58203125 0.0828125 0.1546875
3 0.95390625 0.62265625 0.0921875 0.1078125
14 0.19453125 0.67265625 0.0640625 0.0578125
3 0.27265625 0.80078125 0.0953125 0.0765625
8 0.2671875 0.8171875 0.08125 0.096875
14 0.465625 0.90546875 0.0875 0.0640625
7 0.65546875 0.93203125 0.1046875 0.0484375
16 0.36015625 0.93984375 0.0484375 0.0515625
9 0.37421875 0.97890625 0.0296875 0.0421875