6 0.04453125 0.034375 0.0890625 0.06875
12 0.11484375 0.0375 0.0765625 0.075
6 0.04453125 0.146875 0.0890625 0.096875
4 0.5453125 0.15390625 0.2125 0.2609375
2 0.18984375 0.25234375 0.0546875 0.1734375
13 0.15625 0.48984375 0.0875 0.0796875
1 0.128125 0.3796875 0.25625 0.3
9 0.4921875 0.47890625 0.15625 0.1703125
3 0.99921875 0.5328125 0.0015625 0.103125
6 0.640625 0.7796875 0.16875 0.078125
11 0.2125 0.790625 0.109375 0.115625
2 0.3359375 0.74921875 0.18125 0.2703125
1 0.325 0.96875 0.209375 0.0625
0 0.08828125 0.91171875 0.1765625 0.1765625