3 0.99453125 0.0953125 0.0109375 0.04375
11 0.49140625 0.0984375 0.0609375 0.0625
6 0.57109375 0.1546875 0.0015625 0.003125
9 0.8125 0.14453125 0.078125 0.0328125
9 0.02578125 0.15078125 0.0515625 0.0296875
8 0.88671875 0.1765625 0.0921875 0.053125
1 0.02578125 0.99453125 0.0484375 0.0109375
4 0.55703125 0.95234375 0.0953125 0.0953125
6 0.66015625 0.9703125 0.0828125 0.059375
0 0.9609375 0.990625 0.078125 0.01875
6 0.0796875 0.8859375 0.084375 0.071875
10 0.5265625 0.8359375 0.034375 0.0375
5 0.809375 0.8171875 0.046875 0.05
8 0.8671875 0.6234375 0.06875 0.075
12 0.4953125 0.59921875 0.046875 0.0390625
2 0.18828125 0.534375 0.1296875 0.078125
14 0.52890625 0.40390625 0.0609375 0.0609375
12 0.2671875 0.346875 0.04375 0.040625
11 0.171875 0.303125 0.059375 0.05625
3 0.040625 0.01796875 0.08125 0.0359375
12 0.296875 0.06875 0.040625 0.046875
9 0.71953125 0.11484375 0.0546875 0.0265625
12 0.21484375 0.9984375 0.0203125 0.003125
16 0.35546875 0.91796875 0.0421875 0.0453125
14 0.52578125 0.9109375 0.0484375 0.059375
6 0.00859375 0.859375 0.0171875 0.025
12 0.60546875 0.7125 0.0390625 0.046875
6 0.4640625 0.69921875 0.0875 0.0484375
2 0.23828125 0.4640625 0.1390625 0.078125
9 0.05390625 0.35625 0.0984375 0.115625
12 0.4125 0.3375 0.04375 0.04375
11 0.10546875 0.23671875 0.0671875 0.0640625