6 0.36640625 0.0296875 0.0765625 0.059375
3 0.85625 0.03828125 0.040625 0.0765625
4 0.31875 0.05078125 0.1125 0.1015625
0 0.8109375 0.1109375 0.121875 0.140625
8 0.23828125 0.2203125 0.0921875 0.090625
10 0.13515625 0.9359375 0.0359375 0.0375
11 0.76796875 0.7828125 0.0609375 0.059375
0 0.78671875 0.696875 0.1140625 0.109375
2 0.9203125 0.671875 0.103125 0.128125
0 0.0453125 0.65 0.078125 0.1125
2 0.14765625 0.6328125 0.0953125 0.071875
8 0.68359375 0.609375 0.0890625 0.090625
0 0.090625 0.58125 0.084375 0.115625
8 0.45546875 0.5515625 0.0765625 0.084375
3 0.17265625 0.4125 0.0734375 0.0875
3 0.571875 0.371875 0.078125 0.09375
13 0.13828125 0.36015625 0.0484375 0.0484375
4 0.02421875 0.2703125 0.0484375 0.134375
6 0.71875 0.2609375 0.075 0.1
10 0.1703125 0.29140625 0.0375 0.0359375
10 0.49375 0.27578125 0.040625 0.0359375
10 0.15234375 0.0015625 0.0171875 0.003125
15 0.5265625 0.109375 0.05625 0.059375
2 0.6265625 0.88203125 0.075 0.1515625
3 0.7140625 0.8984375 0.065625 0.096875
6 0.18671875 0.90703125 0.1109375 0.0453125
1 0.2328125 0.70703125 0.15 0.1765625
12 0.6109375 0.715625 0.05 0.04375
9 0.0046875 0.7125 0.009375 0.021875
7 0.75390625 0.43515625 0.0890625 0.0359375