0 0.79296875 0.01640625 0.0765625 0.0328125
9 0.0953125 0.02890625 0.0375 0.0578125
10 0.0875 0.0984375 0.0375 0.040625
5 0.6953125 0.09140625 0.06875 0.0640625
4 0.47734375 0.06171875 0.1296875 0.1234375
13 0.08046875 0.99375 0.0453125 0.0125
0 0.67109375 0.93203125 0.1171875 0.1359375
13 0.221875 0.9703125 0.05 0.053125
7 0.12265625 0.90859375 0.0921875 0.0828125
16 0.7953125 0.80234375 0.046875 0.0453125
11 0.18203125 0.76484375 0.0640625 0.0640625
4 0.259375 0.7625 0.115625 0.05625
15 0.565625 0.75546875 0.059375 0.0609375
3 0.45234375 0.6484375 0.0671875 0.090625
11 0.5375 0.6234375 0.059375 0.059375
12 0.77578125 0.6046875 0.0421875 0.05
15 0.41640625 0.43125 0.0578125 0.05625
0 0.684375 0.28359375 0.109375 0.1328125
5 0.53203125 0.31953125 0.0703125 0.0484375
0 0.0890625 0.278125 0.0875 0.125
1 0.64609375 0.20859375 0.1078125 0.1953125
1 0.875 0.19140625 0.23125 0.2078125
1 0.2375 0.17421875 0.153125 0.1984375
5 0.9953125 0.24765625 0.009375 0.0453125
9 0.29453125 0.1765625 0.0546875 0.075
4 0.97265625 0.0140625 0.0390625 0.028125
1 0.53828125 0.08046875 0.1859375 0.1484375
4 0.971875 0.8859375 0.05625 0.146875
5 0.5765625 0.79140625 0.040625 0.0546875
13 0.89375 0.7296875 0.05 0.05
11 0.28046875 0.6859375 0.0671875 0.065625
7 0.39140625 0.65390625 0.0671875 0.0765625
7 0.9171875 0.5078125 0.059375 0.078125
6 0.67890625 0.50625 0.1109375 0.046875
7 0.96953125 0.41875 0.0609375 0.025
3 0.20234375 0.328125 0.0609375 0.096875
14 0.5859375 0.19140625 0.021875 0.0515625