8 0.3921875 0.02421875 0.109375 0.0484375
11 0.04765625 0.06171875 0.0671875 0.0671875
5 0.80390625 0.075 0.0484375 0.06875
0 0.715625 0.95546875 0.128125 0.0890625
0 0.85703125 0.91171875 0.1140625 0.1421875
7 0.94609375 0.94453125 0.0796875 0.0640625
3 0.203125 0.8390625 0.09375 0.090625
0 0.9328125 0.7359375 0.10625 0.1375
6 0.54296875 0.671875 0.1109375 0.05
12 0.928125 0.5390625 0.046875 0.05
9 0.875 0.47578125 0.125 0.0484375
5 0.6859375 0.415625 0.075 0.071875
1 0.7296875 0.13125 0.2 0.165625
7 0.2546875 0.1671875 0.078125 0.090625
5 0.1859375 0.00390625 0.034375 0.0078125
8 0.48515625 0.9875 0.0796875 0.025
2 0.68515625 0.88671875 0.1265625 0.1390625
9 0.98671875 0.8703125 0.0265625 0.15
7 0.45390625 0.8921875 0.0640625 0.053125
5 0.1265625 0.85 0.078125 0.06875
16 0.2578125 0.77265625 0.046875 0.0453125
4 0.84609375 0.659375 0.1484375 0.1
12 0.090625 0.678125 0.05 0.046875
9 0.20703125 0.646875 0.0703125 0.08125
11 0.93515625 0.40859375 0.0734375 0.0640625
11 0.33359375 0.15234375 0.0578125 0.0703125