0 0.246875 0.03125 0.19375 0.0625
10 0.06640625 0.140625 0.0703125 0.059375
6 0.64453125 0.14765625 0.1203125 0.1390625
16 0.45 0.2640625 0.065625 0.065625
4 0.01015625 0.365625 0.0203125 0.05
14 0.771875 0.41953125 0.096875 0.0359375
13 0.37890625 0.47890625 0.0734375 0.0703125
12 0.3296875 0.58515625 0.06875 0.0671875
3 0.9984375 0.6171875 0.003125 0.0375
6 0.20234375 0.62109375 0.1390625 0.0546875
9 0.56875 0.6671875 0.19375 0.13125
9 0.74765625 0.78515625 0.0484375 0.1703125
2 0.39765625 0.8671875 0.2296875 0.146875
12 0.98203125 0.97421875 0.0359375 0.0515625
6 0.91015625 0.96328125 0.1671875 0.0734375
5 0.83125 0.99765625 0.003125 0.0046875