4 0.86171875 0.03984375 0.1359375 0.0796875
7 0.0640625 0.0484375 0.1 0.08125
12 0.4546875 0.10859375 0.05625 0.0515625
8 0.7640625 0.103125 0.06875 0.1125
2 0.16640625 0.13671875 0.1546875 0.0921875
14 0.296875 0.2875 0.0625 0.06875
12 0.965625 0.3046875 0.0625 0.05
6 0.51015625 0.34375 0.1265625 0.071875
4 0.93203125 0.415625 0.1359375 0.1125
11 0.24140625 0.534375 0.0640625 0.046875
12 0.0078125 0.5859375 0.015625 0.04375
15 0.8640625 0.6203125 0.071875 0.06875
10 0.025 0.73984375 0.05 0.0390625
1 0.95546875 0.7203125 0.0890625 0.171875
2 0.88046875 0.80546875 0.1015625 0.1015625
6 0.00859375 0.84609375 0.0171875 0.0640625
16 0.40390625 0.91171875 0.0515625 0.0546875
8 0.590625 0.92578125 0.109375 0.0953125
3 0.47890625 0.9875 0.0796875 0.025
13 0.31328125 0.98359375 0.0578125 0.0328125