11 0.7609375 0.02734375 0.071875 0.0546875
5 0.98203125 0.04296875 0.0359375 0.0546875
11 0.15625 0.05625 0.078125 0.08125
3 0.11171875 0.121875 0.0921875 0.075
5 0.578125 0.22109375 0.078125 0.0796875
13 0.66328125 0.23828125 0.0578125 0.0546875
10 0.40859375 0.28359375 0.0421875 0.0453125
15 0.96015625 0.37734375 0.0734375 0.0671875
15 0.89375 0.46328125 0.075 0.0703125
5 0.25625 0.70234375 0.084375 0.0359375
3 0.55234375 0.68515625 0.0796875 0.1171875
3 0.1671875 0.69765625 0.071875 0.1078125
6 0.7484375 0.75625 0.10625 0.065625
0 0.38828125 0.77109375 0.1109375 0.1453125
8 0.01171875 0.83671875 0.0234375 0.0640625
15 0.55390625 0.89609375 0.0703125 0.0734375
14 0.90859375 0.98359375 0.0578125 0.0328125