5 0.2578125 0.028125 0.084375 0.05625
12 0.5828125 0.084375 0.0625 0.06875
7 0.49921875 0.08828125 0.1203125 0.0609375
6 0.18671875 0.065625 0.1421875 0.13125
4 0.0671875 0.12890625 0.1125 0.0953125
13 0.9421875 0.20390625 0.075 0.0734375
15 0.21484375 0.21015625 0.0859375 0.0859375
7 0.1234375 0.34453125 0.134375 0.0484375
6 0.55078125 0.353125 0.1296875 0.109375
8 0.79609375 0.36171875 0.1390625 0.1421875
1 0.33984375 0.4390625 0.1828125 0.284375
7 0.0796875 0.5921875 0.13125 0.071875
11 0.9671875 0.59453125 0.065625 0.0890625
12 0.50390625 0.62265625 0.0640625 0.0640625
12 0.5734375 0.690625 0.065625 0.06875
16 0.0609375 0.90625 0.065625 0.0625
7 0.7609375 0.98359375 0.03125 0.0328125
7 0.01015625 0.98828125 0.0203125 0.0234375