13 0.45546875 0.01796875 0.0703125 0.0359375
4 0.9015625 0.04140625 0.134375 0.0828125
2 0.72265625 0.084375 0.1109375 0.115625
16 0.35859375 0.3296875 0.0796875 0.078125
2 0.13125 0.35625 0.2625 0.2
12 0.26015625 0.446875 0.0765625 0.071875
5 0.3234375 0.48671875 0.103125 0.1203125
9 0.8671875 0.63203125 0.06875 0.0578125
1 0.13671875 0.575 0.2734375 0.175
1 0.7640625 0.56328125 0.359375 0.3328125
15 0.11015625 0.74609375 0.1015625 0.0953125
10 0.8265625 0.76875 0.0625 0.0625
12 0.45625 0.8109375 0.071875 0.075
9 0.3953125 0.9828125 0.065625 0.034375