3 0.71953125 0.03359375 0.1140625 0.0671875
11 0.54296875 0.034375 0.0703125 0.06875
7 0.6171875 0.1671875 0.08125 0.075
14 0.1515625 0.20859375 0.0875 0.0640625
2 0.61640625 0.3671875 0.1140625 0.16875
0 0.69609375 0.4015625 0.1578125 0.109375
13 0.209375 0.4484375 0.05625 0.05625
12 0.08515625 0.47578125 0.0640625 0.0484375
10 0.78515625 0.496875 0.0453125 0.040625
4 0.46328125 0.47734375 0.1015625 0.1609375
7 0.21875 0.52578125 0.08125 0.0734375
11 0.5953125 0.56328125 0.071875 0.0671875
11 0.8109375 0.59609375 0.071875 0.0734375
11 0.646875 0.68671875 0.075 0.0734375
6 0.9859375 0.703125 0.028125 0.046875
12 0.1765625 0.71171875 0.059375 0.0515625
11 0.01875 0.728125 0.0375 0.06875
16 0.86640625 0.7484375 0.0515625 0.05
8 0.925 0.809375 0.109375 0.08125
2 0.74140625 0.86875 0.1515625 0.125
0 0.003125 0.9890625 0.00625 0.0125
1 0.90546875 0.909375 0.1890625 0.18125
11 0.81328125 0.9875 0.0171875 0.025
7 0.5921875 0.953125 0.0625 0.09375