15 0.984375 0.0140625 0.03125 0.028125
8 0.409375 0.0671875 0.10625 0.065625
6 0.11484375 0.0640625 0.1078125 0.090625
1 0.66328125 0.06328125 0.2203125 0.1265625
14 0.29765625 0.1375 0.0609375 0.078125
8 0.4734375 0.1875 0.090625 0.08125
2 0.75859375 0.14609375 0.1171875 0.1796875
14 0.55859375 0.303125 0.0765625 0.0625
13 0.20390625 0.31015625 0.0578125 0.0546875
4 0.890625 0.31328125 0.084375 0.0921875
13 0.3890625 0.39921875 0.05 0.0515625
12 0.19296875 0.49375 0.0484375 0.046875
9 0.53359375 0.51875 0.0703125 0.1125
6 0.24609375 0.59375 0.0953125 0.103125
8 0.86484375 0.60234375 0.1015625 0.0953125
13 0.1046875 0.63515625 0.05625 0.0515625
9 0.13984375 0.70546875 0.0765625 0.0359375
1 0.725 0.640625 0.2 0.20625
3 0.9234375 0.86015625 0.065625 0.1046875
2 0.11640625 0.84765625 0.0921875 0.1515625
2 0.0265625 0.8640625 0.053125 0.1375
6 0.9703125 0.9296875 0.03125 0.01875
7 0.66328125 0.928125 0.0421875 0.0875
7 0.69375 0.99375 0.03125 0.0125
1 0.41171875 0.95 0.1671875 0.1
5 0.2921875 0.97578125 0.078125 0.0484375