12 0.46328125 0.01875 0.0671875 0.0375
0 0.1421875 0.07890625 0.153125 0.1328125
13 0.10234375 0.1765625 0.0765625 0.071875
13 0.80234375 0.23828125 0.0734375 0.0734375
4 0.93046875 0.23359375 0.0984375 0.2265625
15 0.8609375 0.31875 0.06875 0.078125
4 0.65859375 0.2734375 0.1140625 0.16875
4 0.0875 0.465625 0.175 0.0875
12 0.97421875 0.51640625 0.0515625 0.0703125
10 0.08359375 0.67109375 0.0609375 0.0609375
7 0.025 0.8265625 0.05 0.08125
0 0.7265625 0.8625 0.121875 0.2
14 0.86015625 0.98359375 0.0890625 0.0328125
2 0.3046875 0.9125 0.171875 0.175