4 0.3375 0.0078125 0.059375 0.015625
13 0.196875 0.134375 0.06875 0.071875
14 0.3015625 0.18984375 0.09375 0.0796875
14 0.0125 0.20625 0.025 0.065625
11 0.878125 0.32578125 0.0875 0.0828125
15 0.9109375 0.40390625 0.0875 0.0828125
12 0.03515625 0.428125 0.0640625 0.0625
10 0.5328125 0.47734375 0.053125 0.0484375
4 0.0703125 0.59296875 0.140625 0.1546875
7 0.93984375 0.65078125 0.0609375 0.1109375
8 0.53515625 0.65859375 0.0953125 0.1203125
15 0.08359375 0.78671875 0.0859375 0.0828125
16 0.265625 0.82578125 0.0625 0.0640625
14 0.48515625 0.915625 0.0890625 0.1
0 0.203125 0.95390625 0.125 0.0921875
11 0.05390625 0.99921875 0.0171875 0.0015625