4 0.584375 0.0109375 0.109375 0.021875
1 0.3515625 0.02265625 0.146875 0.0453125
16 0.2015625 0.04140625 0.06875 0.0734375
15 0.1609375 0.0875 0.09375 0.096875
2 0.0484375 0.121875 0.096875 0.134375
15 0.984375 0.34375 0.03125 0.0625
4 0.36484375 0.33359375 0.1921875 0.1484375
12 0.371875 0.39921875 0.075 0.0671875
7 0.8296875 0.54453125 0.128125 0.1078125
6 0.61640625 0.53515625 0.1640625 0.1484375
16 0.76953125 0.58203125 0.0703125 0.0671875
16 0.29296875 0.61640625 0.0703125 0.0609375
6 0.0609375 0.6140625 0.121875 0.065625
14 0.0234375 0.81171875 0.046875 0.0796875
4 0.98828125 0.9734375 0.0234375 0.053125
4 0.91953125 0.94609375 0.1296875 0.1078125
0 0.0875 0.90859375 0.146875 0.1828125