5 0.21796875 0.003125 0.0328125 0.00625
11 0.02578125 0.03671875 0.0515625 0.0734375
0 0.61015625 0.0625 0.1171875 0.125
5 0.5046875 0.13671875 0.0625 0.0953125
16 0.82890625 0.18359375 0.0640625 0.0640625
6 0.98046875 0.23125 0.0390625 0.128125
11 0.528125 0.2546875 0.0875 0.090625
1 0.78125 0.2890625 0.31875 0.15625
15 0.85390625 0.54921875 0.0796875 0.0734375
16 0.60078125 0.59140625 0.0578125 0.0578125
7 0.521875 0.634375 0.1 0.078125
6 0.6828125 0.65703125 0.08125 0.1421875
11 0.94296875 0.69765625 0.0953125 0.0828125
7 0.39296875 0.7859375 0.1140625 0.10625
9 0.63515625 0.775 0.1328125 0.134375
16 0.83984375 0.8203125 0.0609375 0.0625
0 0.31171875 0.8609375 0.1859375 0.13125
14 0.70703125 0.93828125 0.0765625 0.1015625
12 0.128125 0.96875 0.059375 0.059375