16 0.56953125 0.01796875 0.0453125 0.0359375
0 0.028125 0.05 0.05625 0.090625
0 0.12578125 0.9828125 0.0078125 0.034375
3 0.4671875 0.9546875 0.078125 0.090625
0 0.8703125 0.996875 0.0625 0.00625
1 0.975 0.94765625 0.05 0.1046875
15 0.653125 0.96171875 0.059375 0.0640625
10 0.875 0.91796875 0.040625 0.0359375
10 0.28828125 0.87734375 0.0359375 0.0421875
1 0.59609375 0.8140625 0.1328125 0.11875
7 0.96171875 0.7640625 0.0734375 0.065625
8 0.88828125 0.60703125 0.0890625 0.0921875
15 0.9765625 0.53828125 0.046875 0.0578125
10 0.4875 0.47265625 0.0375 0.0421875
15 0.54609375 0.44140625 0.0578125 0.0578125
8 0.75625 0.38046875 0.06875 0.0796875
2 0.3953125 0.29609375 0.109375 0.1546875
15 0.63046875 0.14921875 0.0578125 0.0609375
7 0.9546875 0.1296875 0.08125 0.075
7 0.815625 0.05078125 0.075 0.0609375
7 0.2015625 0.12109375 0.071875 0.0421875
1 0.2140625 0.91171875 0.19375 0.1765625
13 0.3875 0.97890625 0.05 0.0421875
7 0.21484375 0.61484375 0.0921875 0.0859375
12 0.3015625 0.58359375 0.05625 0.0421875
12 0.53984375 0.58046875 0.0453125 0.0421875
12 0.8453125 0.52109375 0.05 0.0421875
3 0.13046875 0.39453125 0.0671875 0.0859375
8 0.7046875 0.34140625 0.06875 0.0796875
2 0.5140625 0.32421875 0.13125 0.1046875
10 0.85078125 0.22578125 0.0421875 0.0390625