4 0.76640625 0.028125 0.0453125 0.05625
1 0.0546875 0.0296875 0.109375 0.059375
16 0.196875 0.0625 0.04375 0.046875
12 0.44140625 0.09609375 0.0421875 0.0484375
0 0.48046875 0.95078125 0.1328125 0.0984375
10 0.040625 0.8796875 0.0375 0.0375
16 0.50078125 0.81796875 0.0390625 0.0453125
11 0.5734375 0.67265625 0.05625 0.0578125
11 0.96796875 0.6484375 0.0640625 0.0625
3 0.059375 0.55625 0.0875 0.090625
14 0.49765625 0.56875 0.0515625 0.053125
6 0.7546875 0.521875 0.078125 0.08125
8 0.2375 0.48671875 0.090625 0.0703125
8 0.41796875 0.43671875 0.0765625 0.0984375
8 0.27578125 0.26484375 0.1015625 0.1015625
13 0.075 0.20625 0.053125 0.046875
8 0.37734375 0.1671875 0.0796875 0.08125
0 0.9 0.13203125 0.134375 0.1140625
1 0.58359375 0.075 0.1421875 0.15
1 0.221875 0.0234375 0.13125 0.046875
7 0.4859375 0.03828125 0.059375 0.0390625
11 0.6890625 0.98046875 0.059375 0.0390625
13 0.44921875 0.925 0.0484375 0.05
12 0.21484375 0.90234375 0.0453125 0.0453125
4 0.5515625 0.82109375 0.090625 0.1578125
9 0.34296875 0.8609375 0.0953125 0.05
6 0.609375 0.60703125 0.0875 0.0765625
3 0.16328125 0.58359375 0.0796875 0.0703125
3 0.83515625 0.371875 0.0921875 0.096875
4 0.603125 0.3421875 0.0875 0.13125
12 0.6765625 0.359375 0.04375 0.046875
1 0.04453125 0.29140625 0.0890625 0.1765625
5 0.29375 0.31796875 0.065625 0.0453125
16 0.7296875 0.31171875 0.04375 0.0421875