13 0.54921875 0.046875 0.0515625 0.053125
11 0.9734375 0.1078125 0.053125 0.065625
12 0.88046875 0.9921875 0.0390625 0.015625
11 0.78828125 0.96484375 0.0640625 0.0640625
16 0.24453125 0.9625 0.0453125 0.046875
0 0.509375 0.83203125 0.134375 0.1390625
15 0.18515625 0.82265625 0.0609375 0.0609375
3 0.003125 0.81484375 0.00625 0.0109375
6 0.04296875 0.7703125 0.0859375 0.078125
0 0.26875 0.69296875 0.134375 0.0859375
14 0.625 0.6140625 0.053125 0.06875
5 0.296875 0.4984375 0.071875 0.059375
6 0.73046875 0.32890625 0.0578125 0.0765625
7 0.9734375 0.3171875 0.053125 0.040625
4 0.2390625 0.23828125 0.05 0.1078125
14 0.46640625 0.2453125 0.0640625 0.071875
10 0.78046875 0.2515625 0.0359375 0.04375
6 0.090625 0.2015625 0.053125 0.071875
6 0.32890625 0.14921875 0.0890625 0.0484375
3 0.128125 0.11328125 0.084375 0.0953125
8 0.11796875 0.02421875 0.0515625 0.0484375
3 0.75234375 0.7859375 0.0921875 0.05625
7 0.89921875 0.68203125 0.0703125 0.0578125
2 0.6953125 0.63984375 0.109375 0.0453125
14 0.75078125 0.590625 0.0546875 0.053125
15 0.82109375 0.47578125 0.0609375 0.0578125