4 0.2453125 0.01953125 0.08125 0.0390625
13 0.0953125 0.0609375 0.04375 0.05
2 0.171875 0.9828125 0.090625 0.034375
11 0.384375 0.99375 0.034375 0.0125
4 0.609375 0.89140625 0.121875 0.1015625
10 0.99375 0.79921875 0.0125 0.0359375
0 0.9078125 0.71484375 0.0875 0.1234375
15 0.6875 0.73515625 0.05 0.0578125
15 0.34609375 0.69296875 0.0578125 0.0578125
7 0.1328125 0.68984375 0.078125 0.0609375
9 0.84453125 0.578125 0.0578125 0.125
11 0.759375 0.521875 0.059375 0.05625
15 0.9453125 0.4484375 0.059375 0.05625
1 0.08359375 0.31015625 0.0828125 0.1828125
15 0.4484375 0.3171875 0.05625 0.059375
15 0.70390625 0.3140625 0.0578125 0.059375
4 0.26640625 0.2359375 0.0921875 0.1375
5 0.9640625 0.253125 0.071875 0.05
9 0.73828125 0.2328125 0.1109375 0.084375
2 0.44296875 0.1609375 0.0859375 0.159375
6 0.0359375 0.00859375 0.071875 0.0171875
8 0.903125 0.95390625 0.090625 0.0890625
3 0.06328125 0.934375 0.1015625 0.071875
3 0.6734375 0.921875 0.053125 0.09375
15 0.29375 0.7890625 0.059375 0.059375
12 0.68515625 0.65859375 0.0421875 0.0484375
2 0.534375 0.54453125 0.10625 0.1515625
7 0.1390625 0.55078125 0.059375 0.0734375
6 0.68203125 0.49453125 0.1046875 0.1046875
7 0.8578125 0.48828125 0.0875 0.0828125
7 0.8234375 0.40390625 0.071875 0.0296875
11 0.58671875 0.13984375 0.0578125 0.0640625