1 0.82109375 0.0171875 0.1484375 0.034375
0 0.1515625 0.028125 0.128125 0.05625
5 0.540625 0.0359375 0.075 0.06875
13 0.39765625 0.1203125 0.0515625 0.05625
8 0.11953125 0.18984375 0.1109375 0.0796875
11 0.5078125 0.234375 0.0625 0.06875
8 0.35625 0.2921875 0.0875 0.090625
13 0.80625 0.33046875 0.05625 0.0515625
6 0.1796875 0.31640625 0.0875 0.1234375
7 0.68359375 0.4046875 0.0859375 0.090625
5 0.7421875 0.45859375 0.075 0.0421875
7 0.10625 0.50390625 0.096875 0.0890625
10 0.57890625 0.553125 0.0171875 0.03125
2 0.97890625 0.596875 0.0421875 0.1
15 0.00625 0.66875 0.0125 0.05
10 0.978125 0.6921875 0.04375 0.040625
13 0.03984375 0.7375 0.0546875 0.053125
14 0.56015625 0.803125 0.0578125 0.05
10 0.6734375 0.8234375 0.0375 0.046875
7 0.425 0.8453125 0.096875 0.053125
1 0.25 0.76328125 0.134375 0.2265625
1 0.946875 0.775 0.10625 0.209375
8 0.465625 0.8953125 0.06875 0.103125
10 0.84140625 0.940625 0.0421875 0.04375
10 0.5890625 0.96796875 0.0375 0.0453125
16 0.9 0.9765625 0.046875 0.046875