10 0.99296875 0.03515625 0.0140625 0.0515625
16 0.94921875 0.04375 0.0765625 0.075
3 0.79609375 0.4390625 0.1234375 0.109375
3 0.0828125 0.47734375 0.09375 0.1515625
2 0.059375 0.4390625 0.11875 0.228125
8 0.83671875 0.51015625 0.1578125 0.1140625
16 0.12109375 0.596875 0.0734375 0.06875
9 0.57265625 0.5796875 0.1703125 0.1375
6 0.97109375 0.63203125 0.0578125 0.0828125
9 0.175 0.79609375 0.159375 0.0671875
4 0.8328125 0.90390625 0.153125 0.1921875
6 0.678125 0.96875 0.08125 0.0625
6 0.09921875 0.95390625 0.1734375 0.0921875