14 0.159375 0.02109375 0.078125 0.0421875
15 0.359375 0.04140625 0.065625 0.0671875
16 0.353125 0.1453125 0.05 0.053125
13 0.003125 0.18203125 0.00625 0.0296875
14 0.40390625 0.18203125 0.0796875 0.0734375
4 0.4359375 0.19765625 0.153125 0.1046875
15 0.29453125 0.2203125 0.0671875 0.06875
8 0.02578125 0.2375 0.0515625 0.1
6 0.78046875 0.2484375 0.1171875 0.109375
6 0.74453125 0.359375 0.1234375 0.084375
0 0.9671875 0.3421875 0.065625 0.134375
10 0.98984375 0.4234375 0.0203125 0.040625
9 0.6859375 0.47890625 0.103125 0.0734375
4 0.625 0.459375 0.046875 0.171875
11 0.0015625 0.5359375 0.003125 0.03125
2 0.22421875 0.490625 0.1578125 0.171875
12 0.15 0.57578125 0.059375 0.0484375
12 0.64921875 0.6578125 0.0515625 0.059375
3 0.5796875 0.64140625 0.115625 0.1015625
1 0.73046875 0.6390625 0.1046875 0.20625
9 0.7765625 0.82109375 0.175 0.0359375
3 0.2921875 0.85703125 0.109375 0.0984375
9 0.99765625 0.89296875 0.0046875 0.0359375
3 0.165625 0.87734375 0.096875 0.0859375
5 0.98671875 0.975 0.0265625 0.046875
4 0.77265625 0.91640625 0.0796875 0.1671875
0 0.37265625 0.996875 0.0796875 0.00625
13 0.05390625 0.9859375 0.0578125 0.028125