4 0.88125 0.01484375 0.059375 0.0296875
15 0.56640625 0.99375 0.0328125 0.0125
8 0.7234375 0.87109375 0.084375 0.0953125
0 0.009375 0.8765625 0.01875 0.071875
0 0.43515625 0.80546875 0.0859375 0.1296875
3 0.60078125 0.78515625 0.1046875 0.0828125
2 0.4890625 0.62578125 0.134375 0.1265625
0 0.9609375 0.496875 0.078125 0.134375
8 0.690625 0.3640625 0.090625 0.1
11 0.4734375 0.19453125 0.0625 0.0703125
0 0.32109375 0.16953125 0.1265625 0.0890625
13 0.1828125 0.171875 0.053125 0.053125
14 0.6578125 0.1265625 0.06875 0.078125
15 0.88515625 0.10703125 0.0671875 0.0671875
13 0.25390625 0.084375 0.0546875 0.053125
11 0.32421875 0.05 0.0703125 0.075
2 0.26328125 0.00078125 0.0015625 0.0015625
2 0.871875 0.02265625 0.0875 0.0453125
7 0.35546875 0.9875 0.0390625 0.025
3 0.37578125 0.93984375 0.0734375 0.0734375
7 0.725 0.7296875 0.08125 0.06875
6 0.53125 0.66796875 0.08125 0.1078125
13 0.4125 0.43828125 0.053125 0.0515625
12 0.49921875 0.30390625 0.0453125 0.0546875
9 0.55859375 0.26484375 0.1203125 0.0703125
12 0.3796875 0.2484375 0.046875 0.046875