6 0.57734375 0.00390625 0.0265625 0.0078125
4 0.62109375 0.965625 0.0734375 0.06875
14 0.45859375 0.8796875 0.0234375 0.01875
4 0.61328125 0.796875 0.1640625 0.1125
0 0.93515625 0.71484375 0.1296875 0.1265625
11 0.40625 0.68671875 0.040625 0.0703125
16 0.01171875 0.68671875 0.0234375 0.0484375
8 0.97578125 0.62265625 0.0484375 0.0796875
10 0.82578125 0.6265625 0.0390625 0.040625
6 0.940625 0.6015625 0.096875 0.078125
2 0.509375 0.55859375 0.05625 0.0953125
4 0.5671875 0.49765625 0.096875 0.1609375
4 0.94375 0.403125 0.1125 0.171875
10 0.84140625 0.43828125 0.0421875 0.0390625
1 0.66015625 0.3421875 0.1796875 0.128125
6 0.10390625 0.33203125 0.1296875 0.0578125
13 0.52578125 0.29765625 0.0546875 0.0546875
6 0.446875 0.25546875 0.078125 0.1078125
16 0.61796875 0.1921875 0.0359375 0.05
6 0.8328125 0.15625 0.0875 0.1125
16 0.69765625 0.18828125 0.0484375 0.0453125
14 0.315625 0.1453125 0.071875 0.06875
1 0.134375 0.08671875 0.2125 0.1734375
6 0.0375 0.078125 0.075 0.11875
0 0.9484375 0.0515625 0.103125 0.103125
15 0.18046875 0.09140625 0.0015625 0.0015625
3 0.54609375 0.96171875 0.1046875 0.0765625
1 0.371875 0.88515625 0.209375 0.2078125
2 0.26640625 0.853125 0.1203125 0.171875
16 0.446875 0.59140625 0.046875 0.0453125
4 0.7390625 0.52421875 0.090625 0.1453125
14 0.84296875 0.5625 0.0921875 0.05625
3 0.165625 0.51171875 0.1 0.1015625
7 0.98671875 0.52890625 0.0265625 0.0390625
14 0.1546875 0.48671875 0.0875 0.0546875
2 0.684375 0.446875 0.14375 0.121875
15 0.65234375 0.42578125 0.0453125 0.0453125
4 0.01484375 0.1859375 0.0296875 0.159375
6 0.11640625 0.171875 0.1078125 0.10625
10 0.9125 0.190625 0.04375 0.04375