9 0.36171875 0.0453125 0.0640625 0.090625
5 0.003125 0.096875 0.00625 0.021875
5 0.9984375 0.10390625 0.003125 0.0234375
3 0.01640625 0.18203125 0.0328125 0.1359375
0 0.83515625 0.19140625 0.1515625 0.1578125
11 0.3234375 0.28671875 0.084375 0.0765625
1 0.96875 0.44765625 0.0625 0.0984375
4 0.2625 0.48828125 0.171875 0.1765625
13 0.9703125 0.559375 0.059375 0.0625
13 0.5875 0.571875 0.05625 0.05625
6 0.13203125 0.5984375 0.1203125 0.05625
11 0.0375 0.63125 0.075 0.084375
7 0.91875 0.67578125 0.1125 0.0703125
16 0.965625 0.7234375 0.0625 0.059375
4 0.46328125 0.73203125 0.1515625 0.1859375
11 0.5796875 0.89921875 0.084375 0.0890625
10 0.9625 0.94296875 0.053125 0.0515625