8 0.2828125 0.0328125 0.071875 0.065625
1 0.73359375 0.096875 0.1171875 0.19375
16 0.07578125 0.98828125 0.0453125 0.0234375
5 0.65234375 0.9640625 0.0640625 0.071875
8 0.2765625 0.7796875 0.078125 0.075
7 0.85 0.77265625 0.059375 0.0640625
5 0.96796875 0.76796875 0.0640625 0.0671875
16 0.31953125 0.66640625 0.0421875 0.0421875
0 0.81875 0.615625 0.084375 0.115625
12 0.98828125 0.54296875 0.0109375 0.0234375
9 0.66953125 0.525 0.0515625 0.034375
5 0.45234375 0.44296875 0.0546875 0.0296875
3 0.81328125 0.36328125 0.0828125 0.0953125
12 0.1453125 0.3890625 0.015625 0.00625
0 0.009375 0.31875 0.01875 0.11875
3 0.5484375 0.3359375 0.05625 0.078125
16 0.70859375 0.2703125 0.0421875 0.040625
10 0.38125 0.2609375 0.0375 0.0375
16 0.534375 0.24375 0.04375 0.04375
15 0.61875 0.01640625 0.059375 0.0328125
5 0.23125 0.0328125 0.06875 0.065625
12 0.01015625 0.140625 0.0203125 0.04375
6 0.83046875 0.178125 0.1078125 0.0625
4 0.63203125 0.18359375 0.0984375 0.0984375
9 0.584375 0.1640625 0.059375 0.140625
12 0.90078125 0.2140625 0.0453125 0.04375
7 0.01328125 0.98125 0.0265625 0.0375
5 0.8484375 0.9796875 0.053125 0.040625
6 0.8890625 0.88125 0.05625 0.09375
5 0.203125 0.7640625 0.071875 0.05625
9 0.50703125 0.75859375 0.1515625 0.0390625
9 0.846875 0.70703125 0.1125 0.0703125
13 0.75390625 0.63203125 0.0484375 0.0484375
1 0.60234375 0.565625 0.1609375 0.171875
3 0.171875 0.52109375 0.053125 0.0796875
9 0.1234375 0.2734375 0.05625 0.05625