1 0.721875 0.0015625 0.009375 0.003125
9 0.7796875 0.01953125 0.14375 0.0390625
11 0.43828125 0.11328125 0.0578125 0.0609375
2 0.65625 0.09453125 0.0625 0.1546875
5 0.34921875 0.88515625 0.0609375 0.0640625
8 0.7328125 0.87421875 0.090625 0.0765625
13 0.96484375 0.84765625 0.0515625 0.0453125
11 0.9046875 0.80859375 0.059375 0.0578125
12 0.1921875 0.73046875 0.04375 0.0390625
6 0.92890625 0.71640625 0.0984375 0.0546875
3 0.4890625 0.58125 0.090625 0.065625
8 0.34375 0.52421875 0.065625 0.0921875
11 0.01640625 0.48203125 0.0328125 0.0578125
16 0.1984375 0.47421875 0.04375 0.0421875
5 0.33828125 0.4578125 0.0359375 0.0625
14 0.05234375 0.4375 0.0734375 0.040625
2 0.9828125 0.35546875 0.034375 0.1171875
5 0.67109375 0.3625 0.0671875 0.065625
14 0.07734375 0.01796875 0.0515625 0.0359375
7 0.76875 0.1484375 0.071875 0.078125
11 0.96015625 0.21953125 0.0609375 0.0578125
9 0.240625 0.96328125 0.046875 0.0640625
4 0.20625 0.94609375 0.121875 0.0890625
5 0.534375 0.8875 0.065625 0.065625
6 0.1171875 0.721875 0.103125 0.034375
7 0.97421875 0.67578125 0.0515625 0.0578125
11 0.66875 0.66015625 0.059375 0.0640625
2 0.94921875 0.615625 0.1015625 0.121875
1 0.0734375 0.63046875 0.146875 0.0828125
13 0.6421875 0.55546875 0.04375 0.0453125
11 0.47109375 0.43984375 0.0546875 0.0609375
9 0.05234375 0.32890625 0.0484375 0.1109375
7 0.82421875 0.25390625 0.0796875 0.0796875
12 0.7453125 0.271875 0.05 0.040625
2 0.303125 0.20078125 0.14375 0.1359375