13 0.4828125 0.00546875 0.05 0.0109375
8 0.28671875 0.0078125 0.0515625 0.015625
7 0.88671875 0.01796875 0.1015625 0.0359375
13 0.7 0.26640625 0.075 0.0796875
5 0.553125 0.2765625 0.1 0.103125
14 0.0546875 0.31015625 0.103125 0.0890625
13 0.70078125 0.44375 0.0765625 0.078125
9 0.93359375 0.60390625 0.1328125 0.0484375
13 0.54765625 0.67265625 0.0734375 0.0796875
7 0.4390625 0.67578125 0.13125 0.1078125
10 0.80859375 0.778125 0.0640625 0.0625
0 0.3296875 0.80390625 0.13125 0.1421875
4 0.68671875 0.8640625 0.1453125 0.190625
2 0.7375 0.9265625 0.2375 0.109375
5 0.96015625 0.95859375 0.0796875 0.0828125
4 0.78828125 0.921875 0.1296875 0.15625