8 0.39609375 0.021875 0.0609375 0.04375
15 0.27265625 0.03359375 0.0734375 0.0671875
14 0.01953125 0.08125 0.0390625 0.071875
1 0.92890625 0.1 0.0953125 0.2
9 0.93671875 0.1546875 0.1265625 0.1625
0 0.75859375 0.175 0.1703125 0.13125
2 0.725 0.14375 0.059375 0.203125
16 0.9671875 0.35 0.059375 0.053125
2 0.61328125 0.35546875 0.1234375 0.0953125
16 0.1625 0.38828125 0.059375 0.0546875
0 0.0421875 0.36171875 0.084375 0.1109375
12 0.42421875 0.41484375 0.0546875 0.0609375
16 0.8703125 0.421875 0.059375 0.053125
10 0.2109375 0.5046875 0.046875 0.053125
8 0.80859375 0.50703125 0.0984375 0.1046875
12 0.36015625 0.5484375 0.0546875 0.053125
16 0.65 0.59140625 0.053125 0.0546875
5 0.246875 0.778125 0.09375 0.08125
13 0.9125 0.84140625 0.065625 0.0640625
6 0.56640625 0.86640625 0.1296875 0.1046875
2 0.340625 0.8578125 0.071875 0.1375
13 0.90234375 0.95078125 0.0640625 0.0640625
13 0.98203125 0.95703125 0.0359375 0.0671875
4 0.71640625 0.95234375 0.0953125 0.0953125
7 0.64140625 0.99765625 0.0734375 0.0046875
1 0.48984375 0.9015625 0.1703125 0.196875