8 0.8328125 0.0546875 0.040625 0.084375
2 0.003125 0.98828125 0.00625 0.0234375
4 0.39140625 0.95703125 0.0609375 0.0390625
12 0.53984375 0.95 0.0421875 0.046875
8 0.753125 0.865625 0.0875 0.103125
5 0.1734375 0.8484375 0.065625 0.065625
7 0.678125 0.66875 0.0625 0.078125
0 0.3125 0.5765625 0.1375 0.115625
3 0.61953125 0.5234375 0.0953125 0.090625
5 0.89765625 0.53046875 0.0734375 0.0296875
10 0.42109375 0.5171875 0.0390625 0.0375
16 0.315625 0.50859375 0.046875 0.0453125
7 0.7234375 0.45390625 0.06875 0.0703125
9 0.93671875 0.24609375 0.1265625 0.0609375
7 0.2640625 0.21953125 0.075 0.0671875
14 0.99140625 0.22734375 0.0171875 0.0484375
4 0.9296875 0.11484375 0.140625 0.0953125
2 0.53125 0.00625 0.078125 0.0125
2 0.17109375 0.95390625 0.1265625 0.0921875
10 0.94375 0.996875 0.0375 0.00625
7 0.51484375 0.69921875 0.0640625 0.0640625
9 0.08203125 0.69765625 0.1109375 0.0328125
9 0.83515625 0.63828125 0.1390625 0.0359375
9 0.07734375 0.59296875 0.1046875 0.0734375
4 0.20625 0.48359375 0.103125 0.1484375
5 0.815625 0.471875 0.071875 0.03125
5 0.07734375 0.26796875 0.0671875 0.0734375
12 0.1671875 0.184375 0.05 0.046875