4 0.9671875 0.0109375 0.05625 0.021875
8 0.2359375 0.02734375 0.096875 0.0546875
12 0.146875 0.03984375 0.06875 0.0578125
5 0.9546875 0.05078125 0.028125 0.0546875
5 0.68984375 0.04140625 0.0578125 0.0765625
3 0.9875 0.1421875 0.025 0.09375
1 0.86796875 0.09765625 0.1921875 0.1953125
16 0.946875 0.23125 0.059375 0.053125
0 0.2140625 0.2171875 0.15625 0.128125
13 0.7921875 0.25390625 0.0625 0.0609375
6 0.37578125 0.27265625 0.0828125 0.1078125
15 0.88828125 0.3171875 0.0765625 0.075
6 0.3125 0.39609375 0.1375 0.0859375
16 0.95703125 0.41328125 0.0578125 0.0546875
14 0.85859375 0.46484375 0.0671875 0.0671875
4 0.953125 0.48828125 0.09375 0.0546875
10 0.34453125 0.5015625 0.0515625 0.04375
14 0.77109375 0.56640625 0.0640625 0.0640625
14 0.0125 0.6984375 0.025 0.05
11 0.615625 0.7296875 0.08125 0.08125
4 0.51640625 0.8015625 0.1828125 0.10625
11 0.51953125 0.85078125 0.0796875 0.0671875
14 0.8171875 0.865625 0.078125 0.065625
5 0.67265625 0.87421875 0.0890625 0.0578125
2 0.6609375 0.9328125 0.15 0.096875
5 0.67421875 0.93984375 0.0859375 0.0890625
1 0.77265625 0.9390625 0.1703125 0.121875
8 0.5328125 0.95703125 0.125 0.0859375
0 0.36328125 0.96171875 0.0984375 0.0765625