13 0.3921875 0.00234375 0.021875 0.0046875
1 0.92890625 0.01640625 0.0578125 0.0328125
15 0.31015625 0.025 0.0609375 0.05
4 0.084375 0.0265625 0.075 0.053125
0 0.11171875 0.0546875 0.1484375 0.109375
10 0.7671875 0.0921875 0.0375 0.040625
1 0.1296875 0.9140625 0.084375 0.171875
2 0.39921875 0.86328125 0.0796875 0.1609375
12 0.2265625 0.6890625 0.04375 0.021875
8 0.96484375 0.6375 0.0703125 0.075
16 0.546875 0.61015625 0.04375 0.0453125
8 0.10234375 0.56875 0.0671875 0.09375
16 0.515625 0.51328125 0.04375 0.0453125
14 0.07734375 0.46875 0.0671875 0.040625
11 0.4234375 0.42578125 0.06875 0.0671875
14 0.24765625 0.3953125 0.0578125 0.0625
1 0.46640625 0.08046875 0.2109375 0.1265625
11 0.015625 0.01640625 0.03125 0.0328125
2 0.74375 0.0359375 0.103125 0.071875
9 0.3359375 0.09453125 0.065625 0.0390625
4 0.2125 0.97109375 0.059375 0.0578125
3 0.4984375 0.9375 0.06875 0.084375
16 0.19609375 0.87109375 0.0453125 0.0484375
2 0.6046875 0.78203125 0.0875 0.1484375
14 0.4796875 0.75625 0.059375 0.05625
12 0.81484375 0.7421875 0.0484375 0.046875
5 0.796875 0.6171875 0.075 0.05
12 0.36953125 0.6140625 0.0453125 0.05
7 0.97109375 0.521875 0.0578125 0.04375
15 0.8953125 0.45859375 0.0625 0.0578125
6 0.903125 0.3765625 0.11875 0.0875
12 0.99921875 0.28203125 0.0015625 0.0046875
8 0.63828125 0.16484375 0.0671875 0.0859375
11 0.7328125 0.15390625 0.065625 0.0703125