6 0.490625 0.00078125 0.040625 0.0015625
3 0.01328125 0.078125 0.0265625 0.090625
4 0.69921875 0.0828125 0.1328125 0.1125
5 0.21015625 0.08984375 0.1046875 0.1203125
4 0.7046875 0.084375 0.14375 0.16875
10 0.94921875 0.36640625 0.0703125 0.0578125
3 0.44609375 0.378125 0.1515625 0.115625
2 0.18515625 0.3296875 0.1515625 0.23125
16 0.5359375 0.46328125 0.059375 0.0671875
1 0.7359375 0.4078125 0.18125 0.30625
3 0.94453125 0.740625 0.1109375 0.165625
10 0.3953125 0.82421875 0.05625 0.0609375
5 0.1796875 0.865625 0.11875 0.078125
9 0.61640625 0.85703125 0.1203125 0.1203125