12 0.51796875 0.14375 0.0671875 0.0625
11 0.6609375 0.1359375 0.084375 0.096875
1 0.42109375 0.1015625 0.1796875 0.175
10 0.828125 0.171875 0.053125 0.05
12 0.98671875 0.215625 0.0265625 0.059375
14 0.3265625 0.21796875 0.071875 0.0828125
6 0.4203125 0.1984375 0.140625 0.15
13 0.35 0.3203125 0.06875 0.065625
11 0.2671875 0.49765625 0.00625 0.0140625
0 0.878125 0.4984375 0.14375 0.14375
13 0.92578125 0.5546875 0.0703125 0.0625
7 0.0359375 0.5953125 0.071875 0.10625
12 0.36640625 0.61640625 0.0609375 0.0734375
7 0.1765625 0.9296875 0.109375 0.09375
0 0.2859375 0.96328125 0.14375 0.0734375