13 0.81875 0.11484375 0.065625 0.0703125
15 0.70234375 0.1171875 0.0765625 0.08125
1 0.06484375 0.22421875 0.1296875 0.0984375
12 0.64140625 0.2515625 0.0515625 0.05625
5 0.3609375 0.29453125 0.084375 0.0796875
2 0.6296875 0.25546875 0.1875 0.2109375
7 0.1328125 0.33046875 0.115625 0.0796875
0 0.02890625 0.3953125 0.0578125 0.1125
0 0.95 0.47109375 0.1 0.1640625
6 0.6390625 0.53359375 0.14375 0.1171875
6 0.6875 0.6828125 0.134375 0.11875
12 0.16796875 0.71953125 0.0671875 0.0578125
3 0.27734375 0.75078125 0.0578125 0.0453125
7 0.4484375 0.8109375 0.109375 0.059375
1 0.8609375 0.9875 0.146875 0.025