7 0.31484375 0.0125 0.1140625 0.025
8 0.06484375 0.0125 0.0796875 0.025
11 0.18125 0.0203125 0.09375 0.040625
2 0.6109375 0.053125 0.059375 0.028125
12 0.2953125 0.14296875 0.06875 0.0640625
3 0.29609375 0.13671875 0.1390625 0.1546875
0 0.0515625 0.275 0.103125 0.196875
5 0.0046875 0.46875 0.009375 0.021875
6 0.0734375 0.58671875 0.146875 0.0859375
3 0.95390625 0.5984375 0.0921875 0.16875
0 0.25703125 0.6125 0.2140625 0.21875
12 0.18125 0.71328125 0.075 0.0796875
12 0.7484375 0.746875 0.040625 0.059375
15 0.378125 0.759375 0.096875 0.096875
0 0.78515625 0.834375 0.2015625 0.23125
12 0.41875 0.93203125 0.08125 0.0796875
1 0.01640625 0.9484375 0.0328125 0.103125