12 0.04609375 0.00625 0.0484375 0.0125
8 0.01328125 0.0234375 0.0265625 0.046875
5 0.1703125 0.03125 0.046875 0.0625
5 0.0109375 0.28671875 0.021875 0.0609375
5 0.91953125 0.3515625 0.0703125 0.05
7 0.0625 0.4078125 0.11875 0.10625
7 0.0140625 0.49453125 0.028125 0.0390625
0 0.99140625 0.45 0.0171875 0.1625
0 0.73359375 0.51015625 0.1796875 0.1421875
6 0.1125 0.659375 0.16875 0.059375
8 0.9609375 0.746875 0.078125 0.13125
12 0.99453125 0.9 0.0109375 0.04375
5 0.1578125 0.9453125 0.10625 0.078125
11 0.33125 0.94921875 0.0875 0.0921875
5 0.96953125 0.96484375 0.0609375 0.0703125
0 0.784375 0.93203125 0.19375 0.1359375
15 0.44921875 0.96484375 0.0859375 0.0703125