7 0.9 0.0015625 0.01875 0.003125
4 0.5765625 0.0203125 0.096875 0.040625
10 0.81328125 0.04375 0.0421875 0.053125
8 0.96484375 0.040625 0.0703125 0.08125
5 0.50859375 0.09296875 0.0734375 0.0859375
5 0.9203125 0.1046875 0.084375 0.0875
5 0.5296875 0.184375 0.08125 0.059375
5 0.93828125 0.20390625 0.0796875 0.0703125
11 0.97734375 0.284375 0.0453125 0.075
1 0.053125 0.31640625 0.10625 0.2140625
5 0.20546875 0.5625 0.0828125 0.053125
4 0.0015625 0.5953125 0.003125 0.003125
13 0.13125 0.5765625 0.059375 0.05625
2 0.996875 0.6609375 0.00625 0.00625
12 0.96796875 0.7453125 0.0609375 0.053125
12 0.78125 0.7578125 0.059375 0.05
13 0.28828125 0.78359375 0.0484375 0.0578125
14 0.028125 0.8375 0.05625 0.065625
9 0.97734375 0.8484375 0.0453125 0.053125
3 0.54296875 0.8296875 0.0578125 0.09375
1 0.52734375 0.83984375 0.1828125 0.1796875
0 0.84921875 0.91953125 0.0984375 0.1359375