7 0.65625 0.025 0.078125 0.05
14 0.89765625 0.78359375 0.0578125 0.0828125
15 0.98125 0.67265625 0.0375 0.0609375
11 0.3421875 0.66953125 0.065625 0.0640625
15 0.85703125 0.659375 0.0609375 0.059375
15 0.46328125 0.6421875 0.0546875 0.05625
8 0.52109375 0.61484375 0.0828125 0.0921875
0 0.75703125 0.60078125 0.0953125 0.0921875
2 0.978125 0.5046875 0.04375 0.146875
0 0.0390625 0.45546875 0.078125 0.1453125
6 0.58671875 0.49609375 0.0796875 0.0609375
14 0.68671875 0.38828125 0.0765625 0.0609375
1 0.253125 0.26484375 0.175 0.2078125
5 0.3484375 0.2828125 0.05 0.05625
13 0.6640625 0.27109375 0.05 0.0484375
13 0.50546875 0.2359375 0.0515625 0.05
8 0.97265625 0.14453125 0.0546875 0.1015625
11 0.14140625 0.125 0.0640625 0.071875
15 0.2484375 0.05390625 0.028125 0.0203125
16 0.978125 0.03359375 0.04375 0.0515625
9 0.528125 0.03203125 0.125 0.0515625
16 0.378125 0.91328125 0.04375 0.0484375
4 0.765625 0.80390625 0.128125 0.1421875
11 0.7015625 0.4765625 0.0625 0.059375
15 0.5734375 0.38515625 0.059375 0.0578125
8 0.7484375 0.19921875 0.096875 0.0953125
13 0.37421875 0.19375 0.0515625 0.053125
6 0.59140625 0.16796875 0.0984375 0.0953125