4 0.96484375 0.03671875 0.0703125 0.0734375
7 0.85 0.05625 0.06875 0.1125
7 0.1046875 0.15390625 0.140625 0.1234375
16 0.27421875 0.19375 0.0609375 0.06875
3 0.15 0.26640625 0.1375 0.1546875
4 0.9390625 0.2515625 0.121875 0.21875
9 0.4765625 0.3234375 0.234375 0.16875
4 0.178125 0.4234375 0.153125 0.275
16 0.01328125 0.55859375 0.0265625 0.0671875
2 0.9140625 0.55078125 0.171875 0.1140625
14 0.48203125 0.74296875 0.0953125 0.1265625
8 0.16328125 0.8234375 0.0640625 0.065625
0 0.2109375 0.74765625 0.23125 0.2328125
15 0.71875 0.825 0.103125 0.10625
3 0.75625 0.91328125 0.13125 0.1515625
11 0.9640625 0.97421875 0.071875 0.0515625
3 0.665625 0.92421875 0.134375 0.1515625
9 0.34609375 0.9265625 0.2296875 0.146875
14 0.16953125 0.96796875 0.1265625 0.0640625