14 0.9875 0.03125 0.025 0.0625
5 0.17890625 0.03671875 0.0953125 0.0734375
8 0.78046875 0.0984375 0.0515625 0.109375
3 0.28984375 0.096875 0.0734375 0.125
1 0.065625 0.16796875 0.13125 0.1671875
10 0.95234375 0.2296875 0.0515625 0.05
5 0.01640625 0.22265625 0.0328125 0.0828125
11 0.04296875 0.29453125 0.0859375 0.0921875
7 0.41015625 0.31796875 0.1140625 0.0984375
4 0.2765625 0.4 0.15625 0.1
6 0.0078125 0.44453125 0.015625 0.0390625
16 0.36171875 0.4390625 0.0609375 0.059375
8 0.81953125 0.4265625 0.1265625 0.096875
16 0.990625 0.57109375 0.01875 0.0453125
0 0.42734375 0.52890625 0.1796875 0.1546875
4 0.85234375 0.68359375 0.1265625 0.1578125
15 0.65625 0.7375 0.078125 0.08125