13 0.26484375 0.09140625 0.0703125 0.0703125
14 0.83671875 0.13828125 0.1078125 0.0796875
13 0.865625 0.26171875 0.075 0.0671875
16 0.10546875 0.26875 0.0671875 0.0625
6 0.03203125 0.28515625 0.0640625 0.0453125
1 0.48671875 0.171875 0.2203125 0.2875
12 0.74375 0.2875 0.075 0.0625
11 0.60078125 0.31875 0.0890625 0.08125
3 0.05390625 0.34609375 0.1078125 0.1078125
9 0.74921875 0.39375 0.1796875 0.13125
12 0.9125 0.465625 0.0625 0.06875
3 0.784375 0.57890625 0.078125 0.1265625
0 0.2421875 0.55546875 0.190625 0.1734375
16 0.11484375 0.64296875 0.0671875 0.0609375
16 0.6265625 0.7046875 0.0625 0.059375
12 0.72109375 0.75703125 0.0765625 0.0609375
16 0.22265625 0.78046875 0.0046875 0.0234375
12 0.70546875 0.96484375 0.0609375 0.0640625
10 0.48828125 0.99921875 0.0140625 0.0015625
1 0.1375 0.93984375 0.265625 0.1203125