11 0.0359375 0.00625 0.05 0.0125
0 0.99921875 0.02265625 0.0015625 0.0015625
6 0.7015625 0.03671875 0.103125 0.0734375
13 0.2390625 0.06640625 0.04375 0.0421875
16 0.46328125 0.1203125 0.0421875 0.04375
11 0.775 0.115625 0.059375 0.065625
9 0.61796875 0.12578125 0.0953125 0.0515625
13 0.6046875 0.2453125 0.04375 0.046875
4 0.27421875 0.928125 0.0515625 0.14375
13 0.440625 0.97890625 0.04375 0.0421875
14 0.72265625 0.98984375 0.0296875 0.0203125
5 0.48203125 0.9171875 0.0578125 0.065625
15 0.99921875 0.91953125 0.0015625 0.0171875
13 0.72734375 0.88046875 0.0484375 0.0484375
4 0.51171875 0.78984375 0.0859375 0.1328125
6 0.70625 0.79296875 0.103125 0.0734375
11 0.74765625 0.653125 0.0609375 0.05625
13 0.128125 0.60625 0.046875 0.046875
13 0.928125 0.5484375 0.05 0.04375
16 0.81953125 0.41484375 0.0390625 0.0421875
6 0.1578125 0.36484375 0.103125 0.0953125
7 0.54296875 0.3671875 0.0796875 0.04375
3 0.17578125 0.00078125 0.0015625 0.0015625
6 0.103125 0.00234375 0.003125 0.0046875
4 0.0484375 0.18515625 0.090625 0.1546875
12 0.48046875 0.26484375 0.0421875 0.0421875
7 0.66640625 0.94453125 0.0609375 0.0703125
11 0.21171875 0.90546875 0.0578125 0.0609375
16 0.32734375 0.78984375 0.0421875 0.0453125
6 0.80546875 0.76328125 0.0984375 0.0984375
2 0.228125 0.703125 0.0875 0.1375
5 0.28125 0.69609375 0.065625 0.0671875
4 0.465625 0.625 0.084375 0.14375
5 0.8609375 0.65859375 0.05625 0.0640625
13 0.3859375 0.41796875 0.046875 0.0390625
1 0.9140625 0.240625 0.171875 0.184375
7 0.66875 0.30703125 0.084375 0.0296875
11 0.95390625 0.29296875 0.0578125 0.0546875