12 0.1640625 0.00390625 0.03125 0.0078125
13 0.98671875 0.0265625 0.0265625 0.053125
12 0.14453125 0.03828125 0.0953125 0.0765625
13 0.8765625 0.078125 0.084375 0.078125
10 0.571875 0.2171875 0.071875 0.0625
8 0.04921875 0.246875 0.0984375 0.15625
12 0.534375 0.3125 0.075 0.071875
15 0.915625 0.5390625 0.09375 0.05625
1 0.103125 0.47734375 0.20625 0.2890625
16 0.2890625 0.6859375 0.071875 0.075
1 0.5875 0.8765625 0.315625 0.246875
0 0.3859375 0.8828125 0.20625 0.234375
3 0.28984375 0.96484375 0.1140625 0.0703125