0 0.19609375 0.0328125 0.1359375 0.065625
0 0.62109375 0.040625 0.1359375 0.08125
6 0.60625 0.09609375 0.084375 0.0796875
3 0.4765625 0.11015625 0.096875 0.0734375
4 0.6 0.1703125 0.1375 0.08125
13 0.97265625 0.93671875 0.0515625 0.0515625
15 0.89765625 0.8140625 0.0609375 0.059375
8 0.3921875 0.78828125 0.06875 0.0703125
11 0.68515625 0.6640625 0.0640625 0.065625
12 0.15234375 0.6546875 0.0484375 0.046875
5 0.34296875 0.6359375 0.0703125 0.065625
2 0.9046875 0.55 0.153125 0.121875
15 0.4890625 0.55625 0.05625 0.05625
14 0.8765625 0.54765625 0.071875 0.0515625
13 0.7609375 0.50234375 0.046875 0.0453125
16 0.925 0.38046875 0.046875 0.0421875
4 0.99296875 0.36875 0.0140625 0.040625
1 0.3609375 0.28671875 0.15625 0.1921875
13 0.9984375 0.30078125 0.003125 0.0078125
10 0.046875 0.26484375 0.0375 0.0421875
10 0.88828125 0.2421875 0.0296875 0.021875
3 0.3421875 0.1765625 0.096875 0.0875
16 0.3203125 0.9375 0.040625 0.046875
6 0.61796875 0.93046875 0.0734375 0.0609375
4 0.0515625 0.8890625 0.09375 0.125
7 0.7140625 0.88984375 0.059375 0.0484375
14 0.11328125 0.8359375 0.0796875 0.059375
8 0.978125 0.73203125 0.04375 0.0671875
15 0.50390625 0.65625 0.0546875 0.05625
2 0.97109375 0.61796875 0.0578125 0.0859375
12 0.74609375 0.6359375 0.0453125 0.040625
4 0.2609375 0.55546875 0.075 0.1453125
9 0.2890625 0.5515625 0.140625 0.065625
12 0.12734375 0.47890625 0.0453125 0.0515625
12 0.4421875 0.46953125 0.04375 0.0453125
13 0.696875 0.4109375 0.046875 0.046875
9 0.45234375 0.3421875 0.0296875 0.14375