8 0.47734375 0.01171875 0.0515625 0.0234375
10 0.953125 0.053125 0.0375 0.034375
0 0.228125 0.03515625 0.10625 0.0703125
13 0.35078125 0.1203125 0.0484375 0.05
2 0.37265625 0.99375 0.0390625 0.0125
12 0.8140625 0.99765625 0.03125 0.0046875
1 0.978125 0.92734375 0.04375 0.1421875
15 0.20078125 0.928125 0.0609375 0.0625
15 0.59296875 0.84140625 0.0578125 0.0609375
2 0.88828125 0.75078125 0.1453125 0.0828125
5 0.75 0.6421875 0.053125 0.06875
11 0.428125 0.54921875 0.065625 0.0640625
14 0.6640625 0.49375 0.0625 0.053125
4 0.58046875 0.43359375 0.1234375 0.1265625
4 0.8390625 0.39609375 0.071875 0.1453125
16 0.98828125 0.42890625 0.0046875 0.0078125
10 0.4609375 0.41171875 0.03125 0.0390625
14 0.21484375 0.30390625 0.0578125 0.0484375
8 0.97578125 0.29140625 0.0484375 0.0578125
4 0.7015625 0.0875 0.059375 0.109375
1 0.29140625 0.96640625 0.1265625 0.0671875
7 0.8078125 0.9234375 0.075 0.071875
3 0.2078125 0.79375 0.08125 0.075
2 0.55859375 0.75625 0.1421875 0.084375
2 0.22265625 0.69921875 0.1046875 0.0984375
14 0.9921875 0.65859375 0.015625 0.0484375
16 0.0703125 0.57421875 0.046875 0.0421875
5 0.2203125 0.44296875 0.06875 0.0328125
9 0.4328125 0.24921875 0.08125 0.0890625