4 0.040625 0.01328125 0.04375 0.0265625
16 0.7921875 0.0234375 0.06875 0.046875
12 0.56171875 0.1 0.0734375 0.078125
14 0.67734375 0.17890625 0.1078125 0.0828125
4 0.4296875 0.15 0.209375 0.175
12 0.69140625 0.33671875 0.0671875 0.0671875
12 0.98046875 0.446875 0.0390625 0.071875
12 0.22890625 0.49375 0.0734375 0.065625
0 0.8984375 0.47578125 0.11875 0.1609375
14 0.10546875 0.51640625 0.0984375 0.0828125
4 0.96171875 0.521875 0.0765625 0.084375
14 0.8171875 0.6140625 0.0875 0.096875
6 0.15234375 0.65234375 0.1734375 0.1046875
3 0.25546875 0.71640625 0.1359375 0.1109375
2 0.7453125 0.88828125 0.209375 0.2078125
11 0.8515625 0.95234375 0.0875 0.0953125
0 0.525 0.9484375 0.146875 0.103125