10 0.1 0.0109375 0.034375 0.021875
16 0.37890625 0.084375 0.0421875 0.046875
10 0.38125 0.9984375 0.028125 0.003125
8 0.41796875 0.83515625 0.0921875 0.0890625
16 0.103125 0.725 0.04375 0.04375
8 0.98828125 0.68828125 0.0234375 0.0390625
11 0.846875 0.65234375 0.059375 0.0609375
8 0.79453125 0.57109375 0.0984375 0.0734375
13 0.65546875 0.4734375 0.0484375 0.046875
8 0.503125 0.321875 0.090625 0.078125
0 0.9375 0.25078125 0.09375 0.1328125
9 0.0578125 0.234375 0.115625 0.04375
4 0.2828125 0.00703125 0.01875 0.0140625
3 0.76875 0.0265625 0.075 0.053125
12 0.82890625 0.084375 0.0484375 0.046875
16 0.08984375 0.13828125 0.0296875 0.0234375
2 0.64765625 0.98046875 0.0765625 0.0390625
9 0.01796875 0.94375 0.0359375 0.053125
12 0.1984375 0.90546875 0.05625 0.0453125
3 0.7109375 0.8046875 0.053125 0.090625
14 0.86875 0.8125 0.075 0.065625
8 0.60703125 0.678125 0.0921875 0.096875
7 0.02890625 0.6859375 0.0171875 0.0125
1 0.7515625 0.43125 0.140625 0.18125
15 0.640625 0.378125 0.05625 0.05625
5 0.35546875 0.3828125 0.0671875 0.0375
7 0.253125 0.31640625 0.0625 0.0734375
6 0.70859375 0.284375 0.0703125 0.084375
9 0.93671875 0.30234375 0.1265625 0.0453125
4 0.3625 0.17421875 0.10625 0.1390625