1 0.9 0.0078125 0.046875 0.015625
0 0.678125 0.01796875 0.08125 0.0359375
14 0.73515625 0.05 0.1296875 0.0875
11 0.47109375 0.05390625 0.1203125 0.1078125
14 0.27109375 0.059375 0.1453125 0.109375
5 0.23984375 0.1765625 0.1359375 0.1
13 0.453125 0.30390625 0.09375 0.0953125
5 0.77109375 0.31171875 0.1328125 0.1390625
9 0.64375 0.40703125 0.071875 0.1578125
4 0.60078125 0.5125 0.1734375 0.303125
10 0.30546875 0.703125 0.0859375 0.071875
12 0.80625 0.796875 0.096875 0.09375
2 0.65 0.78125 0.221875 0.321875
1 0.3421875 0.98125 0.134375 0.0375
1 0.2125 0.97109375 0.171875 0.0578125