7 0.45546875 0.0125 0.0546875 0.025
6 0.54296875 0.0765625 0.1109375 0.0625
5 0.9421875 0.14375 0.046875 0.04375
1 0.39921875 0.09140625 0.0609375 0.1828125
1 0.33671875 0.89453125 0.1734375 0.2109375
4 0.75078125 0.934375 0.1078125 0.13125
1 0.05859375 0.9359375 0.1171875 0.103125
1 0.678125 0.8765625 0.128125 0.190625
8 0.9515625 0.86484375 0.096875 0.0953125
10 0.99765625 0.8546875 0.0046875 0.04375
15 0.6828125 0.82421875 0.059375 0.0578125
16 0.43828125 0.77734375 0.0171875 0.0390625
5 0.44375 0.665625 0.071875 0.071875
10 0.57421875 0.66171875 0.0421875 0.0359375
11 0.0203125 0.53046875 0.040625 0.0609375
2 0.07734375 0.484375 0.1328125 0.090625
0 0.9390625 0.38203125 0.103125 0.1296875
8 0.21328125 0.3578125 0.0671875 0.078125
0 0.13515625 0.20234375 0.1078125 0.1296875
1 0.66796875 0.1640625 0.2046875 0.11875
9 0.23671875 0.0984375 0.1078125 0.078125
7 0.9734375 0.9640625 0.053125 0.046875
6 0.66875 0.86796875 0.08125 0.0453125
11 0.61328125 0.840625 0.0671875 0.06875
1 0.159375 0.7234375 0.196875 0.125
2 0.7484375 0.5171875 0.090625 0.153125
14 0.68515625 0.528125 0.0546875 0.05625
3 0.38671875 0.38125 0.0859375 0.103125
1 0.50625 0.3359375 0.140625 0.1875
4 0.0484375 0.365625 0.096875 0.1125
4 0.5890625 0.3453125 0.15625 0.078125
15 0.33671875 0.2890625 0.0609375 0.059375
12 0.7640625 0.29296875 0.034375 0.0453125
12 0.01796875 0.2703125 0.0359375 0.04375
1 0.88828125 0.14609375 0.2015625 0.2234375