4 0.0296875 0.04375 0.059375 0.0875
11 0.225 0.065625 0.06875 0.08125
14 0.9734375 0.09609375 0.053125 0.0484375
3 0.72421875 0.190625 0.1078125 0.121875
15 0.99140625 0.3078125 0.0171875 0.053125
4 0.5953125 0.2890625 0.096875 0.1
15 0.01015625 0.4546875 0.0203125 0.059375
2 0.59609375 0.45078125 0.1296875 0.1578125
10 0.34296875 0.55078125 0.0234375 0.0453125
0 0.40078125 0.56953125 0.0953125 0.1359375
7 0.4640625 0.66171875 0.08125 0.0953125
12 0.4875 0.74609375 0.053125 0.0515625
9 0.2515625 0.778125 0.175 0.0375
2 0.71796875 0.79375 0.1765625 0.109375
2 0.253125 0.7890625 0.13125 0.165625
4 0.57109375 0.98671875 0.0453125 0.0265625