6 0.56953125 0.00234375 0.0734375 0.0046875
1 0.7875 0.0140625 0.0125 0.028125
15 0.62890625 0.0515625 0.0640625 0.065625
16 0.16484375 0.1125 0.0484375 0.053125
8 0.9953125 0.134375 0.009375 0.084375
13 0.8109375 0.26484375 0.05625 0.0546875
10 0.27421875 0.27578125 0.0390625 0.0453125
1 0.97109375 0.24609375 0.0578125 0.1171875
9 0.48203125 0.39140625 0.1546875 0.0484375
1 0.39140625 0.31171875 0.0890625 0.2078125
3 0.5203125 0.38359375 0.075 0.0953125
14 0.0328125 0.44140625 0.053125 0.0609375
7 0.81640625 0.48046875 0.0703125 0.0390625
1 0.36171875 0.41484375 0.1515625 0.2046875
15 0.44453125 0.50078125 0.0640625 0.0671875
10 0.13515625 0.5375 0.0421875 0.040625
8 0.7765625 0.70625 0.065625 0.090625
10 0.51328125 0.784375 0.0390625 0.040625
1 0.73984375 0.73515625 0.1171875 0.2265625
1 0.21171875 0.8015625 0.2328125 0.1
10 0.6421875 0.89609375 0.040625 0.0453125
5 0.325 0.91328125 0.078125 0.0546875
14 0.096875 0.9640625 0.0875 0.0625
3 0.5984375 0.9640625 0.059375 0.071875
4 0.19140625 0.97421875 0.0859375 0.0515625