3 0.58046875 0.02265625 0.0953125 0.0453125
2 0.62734375 0.02265625 0.1078125 0.0453125
5 0.14453125 0.0546875 0.1203125 0.0875
15 0.99140625 0.07734375 0.0171875 0.0703125
0 0.02421875 0.0953125 0.0484375 0.1125
1 0.0140625 0.16640625 0.028125 0.0703125
11 0.865625 0.15859375 0.10625 0.1015625
0 0.40234375 0.26796875 0.1421875 0.1328125
16 0.19453125 0.41484375 0.0734375 0.0671875
2 0.06015625 0.4 0.1203125 0.175
7 0.003125 0.73828125 0.00625 0.0453125
11 0.22421875 0.78984375 0.1078125 0.1046875
12 0.39765625 0.92734375 0.0671875 0.0734375
10 0.5265625 0.99765625 0.015625 0.0046875