1 0.72109375 0.00546875 0.0390625 0.0109375
16 0.54296875 0.025 0.0578125 0.05
8 0.83359375 0.07109375 0.1203125 0.1296875
7 0.2796875 0.16953125 0.084375 0.1046875
1 0.07265625 0.11484375 0.1453125 0.2296875
5 0.92890625 0.1859375 0.0953125 0.090625
11 0.6390625 0.19921875 0.08125 0.0828125
3 0.79921875 0.1953125 0.1234375 0.109375
11 0.728125 0.23671875 0.08125 0.0765625
9 0.459375 0.2578125 0.04375 0.13125
1 0.55390625 0.31015625 0.1671875 0.2359375
3 0.509375 0.4296875 0.084375 0.103125
1 0.77421875 0.3921875 0.1109375 0.240625
3 0.2328125 0.57109375 0.08125 0.1078125
4 0.97265625 0.6390625 0.0546875 0.09375
9 0.64453125 0.653125 0.1734375 0.109375
14 0.16171875 0.803125 0.0953125 0.078125
6 0.478125 0.91171875 0.109375 0.1453125
2 0.490625 0.940625 0.09375 0.11875
14 0.38671875 0.97421875 0.0703125 0.0515625