9 0.17421875 0.07109375 0.1109375 0.0640625
13 0.89921875 0.0859375 0.0546875 0.05625
1 0.809375 0.0609375 0.140625 0.121875
10 0.9515625 0.13046875 0.0375 0.0453125
6 0.68046875 0.11015625 0.1109375 0.0859375
12 0.2171875 0.14296875 0.059375 0.0484375
6 0.38359375 0.18515625 0.1046875 0.1078125
11 0.27421875 0.2390625 0.0609375 0.06875
14 0.6015625 0.24609375 0.05625 0.0578125
15 0.23046875 0.25546875 0.0609375 0.0640625
15 0.44296875 0.446875 0.0609375 0.059375
9 0.50859375 0.4515625 0.1078125 0.090625
5 0.5359375 0.52578125 0.05 0.0734375
14 0.22734375 0.584375 0.0578125 0.05625
16 0.371875 0.62734375 0.04375 0.0453125
16 0.01953125 0.6484375 0.0390625 0.046875
11 0.096875 0.66015625 0.071875 0.0703125
4 0.3078125 0.69296875 0.09375 0.1390625
6 0.5875 0.72734375 0.09375 0.1078125
13 0.365625 0.846875 0.053125 0.05
16 0.125 0.84765625 0.046875 0.0484375
6 0.93359375 0.83125 0.1046875 0.090625
6 0.71953125 0.8515625 0.1078125 0.10625
3 0.2015625 0.9265625 0.084375 0.065625
7 0.5125 0.9359375 0.046875 0.090625
5 0.7921875 0.98203125 0.075 0.0359375
4 0.72265625 0.99921875 0.0171875 0.0015625
4 0.35 0.99296875 0.1125 0.0140625
1 0.21640625 0.9890625 0.0828125 0.021875