14 0.79296875 0.00546875 0.0421875 0.0109375
10 0.0453125 0.05703125 0.04375 0.0390625
4 0.3109375 0.0390625 0.103125 0.078125
6 0.365625 0.96015625 0.046875 0.0796875
14 0.1734375 0.8640625 0.075 0.0625
6 0.67109375 0.825 0.0578125 0.115625
13 0.89375 0.82578125 0.053125 0.0515625
6 0.4921875 0.81015625 0.115625 0.0671875
9 0.7265625 0.759375 0.090625 0.06875
12 0.9890625 0.69765625 0.021875 0.0453125
1 0.0671875 0.5734375 0.134375 0.2125
10 0.196875 0.615625 0.040625 0.0375
4 0.36328125 0.5515625 0.1296875 0.128125
3 0.52109375 0.54453125 0.0578125 0.0671875
5 0.78046875 0.5453125 0.0734375 0.034375
8 0.04375 0.4140625 0.065625 0.071875
11 0.29765625 0.33203125 0.0671875 0.0671875
0 0.01171875 0.2796875 0.0234375 0.11875
1 0.37265625 0.20078125 0.2109375 0.1671875
1 0.45 0.12109375 0.175 0.1671875
15 0.028125 0.1578125 0.05625 0.0625
14 0.36171875 0.153125 0.0453125 0.03125
4 0.3265625 0.0796875 0.11875 0.1125
2 0.3796875 0.02265625 0.046875 0.0453125
7 0.9453125 0.0796875 0.059375 0.08125
15 0.24140625 0.99375 0.0453125 0.0125
11 0.56484375 0.97890625 0.0640625 0.0421875
7 0.81484375 0.928125 0.0890625 0.075
14 0.34765625 0.840625 0.0546875 0.078125
3 0.21484375 0.80078125 0.0765625 0.0984375
11 0.52109375 0.690625 0.0609375 0.065625
2 0.53125 0.4734375 0.09375 0.1625
6 0.3609375 0.4328125 0.115625 0.053125
6 0.57734375 0.35859375 0.1015625 0.0796875
9 0.5078125 0.36796875 0.075 0.0390625
10 0.7203125 0.2390625 0.040625 0.0375
3 0.65078125 0.18046875 0.0953125 0.1109375
9 0.00703125 0.20234375 0.0140625 0.0328125