12 0.73828125 0.01640625 0.0515625 0.0328125
11 0.1421875 0.0453125 0.10625 0.090625
14 0.75 0.11875 0.1 0.0875
0 0.88046875 0.10703125 0.1546875 0.2140625
9 0.22265625 0.24140625 0.1984375 0.0609375
1 0.37265625 0.15703125 0.2828125 0.2390625
16 0.70546875 0.41015625 0.0703125 0.0703125
10 0.559375 0.43046875 0.05625 0.0640625
0 0.0734375 0.41796875 0.146875 0.2109375
6 0.3890625 0.71953125 0.14375 0.0578125
13 0.084375 0.78359375 0.078125 0.0765625
1 0.95859375 0.8 0.0828125 0.146875
8 0.24453125 0.828125 0.1265625 0.13125
6 0.41953125 0.978125 0.1453125 0.04375
11 0.31796875 0.9875 0.0609375 0.025
5 0.24921875 0.9546875 0.1109375 0.090625