1 0.8828125 0.0015625 0.009375 0.003125
8 0.2109375 0.20390625 0.06875 0.0859375
14 0.43203125 0.23359375 0.0703125 0.0546875
15 0.171875 0.996875 0.028125 0.00625
6 0.72109375 0.9140625 0.0890625 0.071875
14 0.471875 0.8265625 0.05 0.059375
12 0.4734375 0.7140625 0.04375 0.040625
7 0.1796875 0.6703125 0.078125 0.071875
15 0.77265625 0.67109375 0.0546875 0.0546875
2 0.21953125 0.421875 0.0640625 0.140625
12 0.35625 0.45234375 0.046875 0.0359375
0 0.38359375 0.38671875 0.0921875 0.1296875
13 0.7984375 0.4296875 0.04375 0.04375
3 0.33125 0.29453125 0.05 0.0828125
11 0.59453125 0.2859375 0.0609375 0.0625
11 0.9796875 0.24921875 0.040625 0.0546875
11 0.85859375 0.12578125 0.0671875 0.0640625
1 0.38984375 0.97578125 0.0765625 0.0484375
3 0.5953125 0.9328125 0.08125 0.05625
16 0.2859375 0.928125 0.040625 0.04375
3 0.73359375 0.8203125 0.0578125 0.084375
12 0.88671875 0.7703125 0.0421875 0.046875
14 0.84609375 0.68203125 0.0671875 0.0546875
6 0.0296875 0.63828125 0.059375 0.0890625
6 0.27734375 0.63203125 0.0984375 0.0828125
9 0.34921875 0.51875 0.1046875 0.059375
15 0.746875 0.5 0.05625 0.05625
9 0.96484375 0.41796875 0.0703125 0.0578125
12 0.99609375 0.31953125 0.0078125 0.0328125