9 0.775 0.02421875 0.065625 0.0484375
3 0.0609375 0.04921875 0.090625 0.0890625
5 0.44453125 0.06875 0.0640625 0.071875
7 0.42421875 0.15703125 0.0578125 0.0859375
11 0.53984375 0.93828125 0.0640625 0.0640625
8 0.8015625 0.915625 0.096875 0.096875
12 0.60859375 0.93203125 0.0515625 0.0484375
12 0.04609375 0.9296875 0.0515625 0.04375
0 0.1546875 0.9 0.096875 0.096875
8 0.42265625 0.7921875 0.0953125 0.0625
4 0.54375 0.78359375 0.146875 0.0640625
6 0.93046875 0.7234375 0.1046875 0.0625
1 0.565625 0.6734375 0.065625 0.15625
11 0.55 0.71015625 0.05625 0.0578125
8 0.1328125 0.60625 0.08125 0.090625
0 0.8453125 0.44375 0.084375 0.125
0 0.39375 0.41796875 0.13125 0.1359375
4 0.0296875 0.34296875 0.059375 0.1484375
6 0.01796875 0.18984375 0.0359375 0.0515625
12 0.23046875 0.01328125 0.0421875 0.0265625
7 0.12578125 0.1828125 0.0890625 0.046875
3 0.25234375 0.9875 0.0640625 0.025
6 0.428125 0.9328125 0.0875 0.115625
3 0.215625 0.84375 0.090625 0.084375
9 0.6875 0.83125 0.0875 0.103125
12 0.66171875 0.640625 0.0453125 0.04375
5 0.490625 0.5328125 0.05625 0.06875
4 0.871875 0.49453125 0.08125 0.1296875
7 0.3328125 0.425 0.0625 0.059375
9 0.75078125 0.37421875 0.1140625 0.1140625
1 0.528125 0.33359375 0.153125 0.1421875
14 0.2765625 0.30625 0.053125 0.065625
4 0.53984375 0.19375 0.0828125 0.15625
12 0.46484375 0.23828125 0.0453125 0.0421875
7 0.2375 0.2171875 0.04375 0.08125