14 0.9765625 0.05234375 0.046875 0.0609375
3 0.21953125 0.1140625 0.1015625 0.09375
1 0.38125 0.0859375 0.184375 0.171875
16 0.453125 0.1609375 0.04375 0.046875
0 0.36640625 0.96640625 0.1265625 0.0671875
4 0.85625 0.93203125 0.071875 0.1359375
15 0.98828125 0.9484375 0.0234375 0.05
4 0.8390625 0.91171875 0.1125 0.0703125
1 0.7296875 0.821875 0.13125 0.178125
8 0.17734375 0.81796875 0.0921875 0.0765625
10 0.59921875 0.746875 0.0328125 0.0375
10 0.36328125 0.73671875 0.0359375 0.0359375
6 0.56484375 0.68046875 0.1078125 0.1078125
0 0.33125 0.67265625 0.128125 0.0984375
13 0.7796875 0.64921875 0.05 0.0484375
0 0.14296875 0.5296875 0.0859375 0.11875
0 0.34765625 0.5421875 0.0828125 0.071875
4 0.096875 0.43671875 0.096875 0.1421875
2 0.009375 0.4609375 0.01875 0.059375
13 0.471875 0.45 0.046875 0.046875
7 0.86015625 0.45234375 0.0671875 0.0390625
11 0.91015625 0.43828125 0.0640625 0.0578125
5 0.62421875 0.41484375 0.0609375 0.0609375
10 0.26640625 0.415625 0.0234375 0.034375
14 0.12421875 0.33671875 0.0765625 0.0578125
11 0.2515625 0.20703125 0.059375 0.0640625
14 0.234375 0.07421875 0.071875 0.0359375
10 0.67421875 0.096875 0.0328125 0.040625
9 0.10625 0.16015625 0.14375 0.0453125
9 0.5984375 0.1203125 0.065625 0.15
13 0.47734375 0.93515625 0.0484375 0.0515625
15 0.56484375 0.8484375 0.0578125 0.059375
5 0.67578125 0.80859375 0.0703125 0.0578125
2 0.82421875 0.60859375 0.0984375 0.1421875
6 0.44453125 0.55 0.0890625 0.040625
7 0.753125 0.45703125 0.065625 0.0671875
4 0.0796875 0.3671875 0.084375 0.13125
6 0.425 0.4140625 0.028125 0.025
3 0.35703125 0.33984375 0.0546875 0.0453125
3 0.82109375 0.2875 0.0703125 0.08125
12 0.16484375 0.24609375 0.0484375 0.0421875
1 0.90390625 0.13046875 0.1171875 0.1890625