10 0.20703125 0.0234375 0.0546875 0.046875
14 0.96640625 0.053125 0.0671875 0.1
2 0.1484375 0.05625 0.228125 0.1125
3 0.33828125 0.08515625 0.1359375 0.1234375
4 0.60234375 0.09453125 0.0890625 0.1890625
8 0.20625 0.14609375 0.14375 0.1546875
11 0.57578125 0.29921875 0.0953125 0.0984375
3 0.71953125 0.334375 0.0921875 0.109375
8 0.1 0.365625 0.134375 0.11875
15 0.0796875 0.6171875 0.0875 0.084375
15 0.56328125 0.7765625 0.0859375 0.090625
8 0.13515625 0.86640625 0.1046875 0.1296875
14 0.040625 0.93984375 0.08125 0.0953125