11 0.99140625 0.28125 0.0171875 0.0625
16 0.32421875 0.31484375 0.0578125 0.0546875
3 0.96015625 0.40390625 0.0796875 0.1234375
11 0.2171875 0.4328125 0.0875 0.084375
2 0.66953125 0.43046875 0.1140625 0.1859375
10 0.52890625 0.51796875 0.0515625 0.0453125
13 0.8640625 0.5203125 0.0625 0.0625
10 0.4015625 0.5265625 0.046875 0.053125
11 0.95625 0.553125 0.0875 0.08125
13 0.31171875 0.5828125 0.0640625 0.059375
9 0.9046875 0.6234375 0.190625 0.071875
12 0.46796875 0.63984375 0.0640625 0.0515625
4 0.64453125 0.60234375 0.1640625 0.1765625
1 0.128125 0.68515625 0.25625 0.2484375
12 0.984375 0.79765625 0.03125 0.0609375
2 0.9890625 0.9359375 0.021875 0.128125
16 0.20625 0.996875 0.034375 0.00625
8 0.09296875 0.93515625 0.1171875 0.1296875