10 0.69140625 0.1453125 0.0546875 0.0625
16 0.4875 0.2046875 0.071875 0.071875
14 0.00234375 0.32421875 0.0046875 0.0328125
4 0.35859375 0.2546875 0.1453125 0.190625
9 0.9578125 0.296875 0.084375 0.1375
6 0.28828125 0.45625 0.1390625 0.121875
11 0.67734375 0.49609375 0.0984375 0.0984375
2 0.1171875 0.434375 0.153125 0.2375
1 0.7765625 0.45625 0.1375 0.215625
11 0.7453125 0.67421875 0.109375 0.1109375
2 0.9453125 0.67109375 0.109375 0.1515625
8 0.340625 0.71875 0.121875 0.15625
14 0.44609375 0.78125 0.1015625 0.096875
15 0.984375 0.84140625 0.03125 0.0828125
4 0.61171875 0.87734375 0.1484375 0.2453125
14 0.45234375 0.96171875 0.0953125 0.0765625
6 0.24921875 0.96953125 0.1328125 0.0609375