10 0.584375 0.00390625 0.025 0.0078125
14 0.78828125 0.98984375 0.0515625 0.0203125
16 0.9390625 0.940625 0.05 0.05
0 0.153125 0.87109375 0.146875 0.1515625
11 0.98359375 0.8609375 0.0328125 0.06875
1 0.4546875 0.66171875 0.203125 0.2296875
14 0.19375 0.5921875 0.059375 0.05625
15 0.28046875 0.5265625 0.0609375 0.059375
6 0.94296875 0.4875 0.0796875 0.078125
10 0.1359375 0.459375 0.03125 0.040625
0 0.090625 0.4125 0.103125 0.128125
14 0.58515625 0.40703125 0.0578125 0.0859375
13 0.43515625 0.28359375 0.0453125 0.0453125
16 0.0015625 0.203125 0.003125 0.021875
10 0.93515625 0.178125 0.0484375 0.040625
9 0.04296875 0.10859375 0.0703125 0.1578125
16 0.3203125 0.03671875 0.046875 0.0515625
2 0.034375 0.01640625 0.06875 0.0328125
13 0.80390625 0.8 0.0546875 0.053125
12 0.384375 0.79609375 0.046875 0.0546875
6 0.8203125 0.6078125 0.1 0.040625
14 0.05625 0.5640625 0.071875 0.05625
16 0.20078125 0.52734375 0.0453125 0.0453125
2 0.41640625 0.22109375 0.1140625 0.1671875
9 0.18671875 0.196875 0.1234375 0.134375
12 0.6234375 0.05 0.046875 0.053125
4 0.5359375 0.0296875 0.053125 0.059375