9 0.43203125 0.01015625 0.0859375 0.0203125
12 0.0390625 0.05546875 0.071875 0.0703125
2 0.12578125 0.27265625 0.2140625 0.1828125
5 0.22890625 0.3390625 0.0828125 0.10625
11 0.55234375 0.39453125 0.0984375 0.0984375
4 0.6546875 0.40703125 0.109375 0.2296875
9 0.30859375 0.53828125 0.2453125 0.0734375
12 0.77734375 0.5515625 0.0671875 0.065625
6 0.003125 0.6 0.00625 0.0875
5 0.434375 0.78359375 0.109375 0.1171875
13 0.2515625 0.80390625 0.078125 0.0765625
9 0.36640625 0.89453125 0.0984375 0.1515625
1 0.171875 0.98828125 0.096875 0.0234375