2 0.72265625 0.0140625 0.0765625 0.028125
14 0.99140625 0.0328125 0.0171875 0.05
0 0.66171875 0.03203125 0.0765625 0.0640625
13 0.73671875 0.09609375 0.0484375 0.0515625
8 0.13984375 0.128125 0.0765625 0.0875
5 0.88203125 0.19296875 0.0671875 0.0421875
0 0.9515625 0.9671875 0.096875 0.065625
7 0.99765625 0.94453125 0.0046875 0.0109375
1 0.95703125 0.76796875 0.0859375 0.1828125
7 0.29921875 0.7875 0.0390625 0.028125
8 0.18515625 0.59921875 0.0796875 0.0640625
11 0.3921875 0.5375 0.0625 0.0625
0 0.53671875 0.5015625 0.1078125 0.13125
10 0.4828125 0.49609375 0.03125 0.0390625
13 0.24765625 0.47109375 0.0484375 0.0453125
13 0.565625 0.43359375 0.046875 0.0390625
0 0.4265625 0.3953125 0.096875 0.103125
6 0.73203125 0.4171875 0.0953125 0.040625
16 0.5546875 0.3390625 0.04375 0.04375
10 0.99609375 0.26796875 0.0078125 0.0359375
1 0.79140625 0.13984375 0.1671875 0.1609375
2 0.4828125 0.00390625 0.096875 0.0078125
1 0.97734375 0.11171875 0.0453125 0.0953125
16 0.1125 0.99609375 0.03125 0.0078125
2 0.56953125 0.96328125 0.1171875 0.0734375
6 0.7796875 0.934375 0.096875 0.040625
3 0.72890625 0.86015625 0.0953125 0.0828125
13 0.55859375 0.80546875 0.0453125 0.0484375
15 0.01953125 0.58828125 0.0390625 0.0390625
14 0.0203125 0.4328125 0.040625 0.075
5 0.33828125 0.41171875 0.0609375 0.0640625
6 0.884375 0.2671875 0.06875 0.075