8 0.35234375 0.0078125 0.0390625 0.015625
11 0.98203125 0.05 0.0359375 0.078125
7 0.20078125 0.11015625 0.0703125 0.0484375
2 0.12265625 0.09921875 0.1578125 0.1828125
15 0.5546875 0.18203125 0.06875 0.0703125
8 0.40390625 0.18359375 0.0953125 0.1171875
9 0.0671875 0.32265625 0.0875 0.1515625
9 0.82734375 0.41796875 0.0578125 0.1390625
0 0.6578125 0.4171875 0.11875 0.15625
9 0.471875 0.47421875 0.125 0.0484375
10 0.70390625 0.56953125 0.0453125 0.0328125
8 0.17578125 0.58359375 0.0609375 0.0859375
15 0.54921875 0.6953125 0.0703125 0.06875
10 0.78125 0.73125 0.05 0.04375
4 0.47578125 0.80390625 0.1078125 0.1015625
9 0.3984375 0.78046875 0.046875 0.1703125
3 0.075 0.87265625 0.1 0.1171875
8 0.8421875 0.99140625 0.05625 0.0171875
7 0.571875 0.97109375 0.0875 0.0578125
8 0.39765625 0.9828125 0.0890625 0.034375