5 0.4265625 0.01796875 0.084375 0.0359375
8 0.9875 0.0265625 0.025 0.053125
0 0.125 0.028125 0.14375 0.05625
15 0.46171875 0.0609375 0.0703125 0.075
0 0.91796875 0.07265625 0.1328125 0.1453125
0 0.77578125 0.13203125 0.1046875 0.1609375
11 0.97734375 0.184375 0.0453125 0.084375
10 0.43671875 0.27265625 0.0453125 0.0453125
1 0.28984375 0.20546875 0.2046875 0.2359375
2 0.11953125 0.31796875 0.1953125 0.1484375
9 0.1484375 0.3765625 0.0875 0.096875
2 0.71640625 0.41953125 0.1015625 0.1234375
2 0.62109375 0.4390625 0.1171875 0.190625
11 0.8671875 0.54609375 0.08125 0.0765625
1 0.19375 0.53203125 0.175 0.2234375
5 0.440625 0.6515625 0.084375 0.05625
9 0.65390625 0.725 0.0609375 0.115625
8 0.77265625 0.74453125 0.1171875 0.1046875
7 0.9828125 0.8015625 0.0125 0.0125
0 0.0640625 0.73359375 0.125 0.1609375
6 0.34375 0.88515625 0.021875 0.0484375
5 0.78046875 0.8859375 0.0921875 0.09375
4 0.6046875 0.90859375 0.146875 0.1515625
12 0.99140625 0.97265625 0.0171875 0.0453125
1 0.996875 0.996875 0.00625 0.00625
1 0.95078125 0.89375 0.0984375 0.2125
2 0.31640625 0.9953125 0.0171875 0.009375
1 0.04921875 0.9859375 0.0921875 0.028125
9 0.03125 0.98203125 0.0625 0.0359375