8 0.19453125 0.0625 0.1328125 0.125
13 0.66171875 0.08984375 0.0703125 0.0734375
1 0.775 0.11640625 0.2125 0.2328125
0 0.6359375 0.18828125 0.2125 0.2265625
0 0.934375 0.3921875 0.13125 0.134375
12 0.415625 0.75390625 0.0875 0.0703125
8 0.81796875 0.81796875 0.1421875 0.1609375
14 0.02734375 0.9 0.0546875 0.090625
5 0.00390625 0.96640625 0.0078125 0.0078125
16 0.53828125 0.953125 0.0578125 0.053125
0 0.484375 0.94609375 0.215625 0.1078125
6 0.2203125 0.9578125 0.184375 0.084375
1 0.02734375 0.92734375 0.0546875 0.1453125