6 0.09921875 0.003125 0.0546875 0.00625
15 0.4328125 0.00625 0.04375 0.0125
0 0.32109375 0.0109375 0.0609375 0.021875
10 0.84140625 0.053125 0.0359375 0.0375
0 0.01640625 0.0953125 0.0328125 0.071875
0 0.59375 0.071875 0.115625 0.140625
1 0.0875 0.90234375 0.175 0.1703125
15 0.84453125 0.8984375 0.0609375 0.0625
10 0.7625 0.865625 0.034375 0.040625
4 0.38671875 0.77578125 0.1390625 0.1171875
0 0.1796875 0.77890625 0.115625 0.1078125
13 0.82265625 0.79296875 0.0484375 0.0515625
12 0.2703125 0.765625 0.04375 0.04375
10 0.93203125 0.7515625 0.0453125 0.0375
4 0.03828125 0.68125 0.0765625 0.084375
10 0.6875 0.6953125 0.0375 0.0375
5 0.42890625 0.65859375 0.0703125 0.0703125
1 0.14765625 0.5625 0.1046875 0.184375
8 0.40078125 0.578125 0.0953125 0.084375
15 0.675 0.509375 0.05625 0.059375
2 0.3640625 0.47578125 0.15625 0.1234375
8 0.5078125 0.4875 0.096875 0.065625
7 0.31015625 0.38125 0.0796875 0.084375
13 0.01953125 0.37890625 0.0390625 0.0484375
9 0.1390625 0.29765625 0.034375 0.0734375
2 0.2921875 0.90078125 0.1125 0.1671875
14 0.5109375 0.81484375 0.053125 0.0609375
1 0.03046875 0.7640625 0.0609375 0.13125
10 0.00234375 0.81484375 0.0046875 0.0109375
5 0.98828125 0.79140625 0.0234375 0.0171875
4 0.98203125 0.43671875 0.0359375 0.0546875
9 0.71328125 0.265625 0.0828125 0.084375
7 0.025 0.265625 0.05 0.065625