15 0.85 0.06328125 0.059375 0.0609375
10 0.76953125 0.14921875 0.0390625 0.0359375
0 0.98828125 0.1453125 0.0234375 0.065625
14 0.40390625 0.9875 0.0453125 0.025
13 0.5890625 0.96796875 0.04375 0.0515625
5 0.178125 0.93125 0.053125 0.071875
11 0.97578125 0.9015625 0.0484375 0.065625
10 0.42890625 0.7578125 0.0109375 0.025
14 0.18046875 0.71875 0.0484375 0.040625
0 0.72421875 0.60546875 0.1265625 0.1140625
6 0.9140625 0.55234375 0.10625 0.0796875
13 0.45078125 0.565625 0.0453125 0.04375
14 0.40078125 0.41484375 0.0640625 0.0515625
1 0.6 0.340625 0.1875 0.184375
2 0.20234375 0.29609375 0.1390625 0.1484375
14 0.4453125 0.33515625 0.075 0.0578125
5 0.28828125 0.30234375 0.0671875 0.0609375
10 0.41171875 0.2609375 0.0359375 0.034375
6 0.35 0.02734375 0.0625 0.0546875
9 0.28046875 0.96875 0.0390625 0.0625
7 0.0703125 0.89921875 0.059375 0.0640625
11 0.12734375 0.81953125 0.0546875 0.0640625
3 0.025 0.7734375 0.05 0.075
1 0.971875 0.7734375 0.05625 0.075
5 0.8234375 0.73671875 0.065625 0.0640625
9 0.721875 0.70234375 0.09375 0.0453125
12 0.95234375 0.69609375 0.0515625 0.0421875
4 0.80859375 0.5890625 0.0765625 0.0875
2 0.9859375 0.59609375 0.028125 0.0578125