0 0.46953125 0.0984375 0.1390625 0.1
1 0.7046875 0.09765625 0.2125 0.1953125
11 0.8109375 0.19296875 0.075 0.0703125
6 0.37265625 0.246875 0.1078125 0.05
5 0.06796875 0.3078125 0.0859375 0.06875
0 0.02421875 0.3390625 0.0484375 0.146875
14 0.36484375 0.40078125 0.0640625 0.0546875
8 0.390625 0.45 0.1125 0.065625
7 0.965625 0.58359375 0.06875 0.0328125
8 0.53515625 0.59140625 0.0859375 0.0859375
0 0.115625 0.634375 0.121875 0.13125
12 0.8625 0.7578125 0.0625 0.053125
4 0.55390625 0.7484375 0.1609375 0.1
3 0.0046875 0.81640625 0.009375 0.0140625
13 0.2921875 0.89765625 0.034375 0.0265625
8 0.45859375 0.87421875 0.0921875 0.1109375
6 0.83828125 0.90390625 0.1265625 0.1296875
8 0.92734375 0.91640625 0.0828125 0.1234375
9 0.665625 0.996875 0.040625 0.00625
7 0.14375 0.9609375 0.10625 0.078125
1 0.08515625 0.975 0.1515625 0.05
12 0.009375 0.9796875 0.01875 0.040625