6 0.76015625 0.06796875 0.1203125 0.0515625
7 0.0625 0.06796875 0.05625 0.0515625
5 0.18125 0.97421875 0.075 0.0515625
0 0.5078125 0.95 0.084375 0.1
0 0.61015625 0.99453125 0.0359375 0.0109375
16 0.7203125 0.86953125 0.04375 0.0484375
5 0.10078125 0.853125 0.0765625 0.075
0 0.18671875 0.7734375 0.0921875 0.14375
10 0.9921875 0.7609375 0.015625 0.040625
1 0.071875 0.4953125 0.14375 0.196875
5 0.15859375 0.55390625 0.0796875 0.0453125
2 0.81875 0.4984375 0.075 0.134375
15 0.465625 0.515625 0.05 0.059375
2 0.0875 0.3890625 0.0875 0.128125
11 0.79453125 0.28046875 0.0671875 0.0671875
10 0.525 0.29296875 0.03125 0.0390625
8 0.04609375 0.21953125 0.0890625 0.1109375
14 0.63125 0.215625 0.05625 0.071875
10 0.41796875 0.1859375 0.0421875 0.0375
8 0.303125 0.14140625 0.08125 0.1015625
1 0.05703125 0.08671875 0.1140625 0.1734375
9 0.27734375 0.01875 0.0609375 0.0375
5 0.80625 0.03359375 0.075 0.0671875
7 0.946875 0.99453125 0.040625 0.0109375
1 0.2546875 0.69609375 0.084375 0.2046875
2 0.7203125 0.72109375 0.15 0.1265625
9 0.421875 0.465625 0.078125 0.06875
6 0.68828125 0.3265625 0.1140625 0.08125
16 0.98515625 0.30234375 0.0296875 0.0484375
2 0.984375 0.1546875 0.03125 0.05