5 0.05625 0.98515625 0.046875 0.0296875
0 0.65546875 0.946875 0.0828125 0.10625
7 0.03203125 0.73203125 0.0640625 0.0671875
7 0.97109375 0.5953125 0.0578125 0.075
13 0.2078125 0.53984375 0.028125 0.0421875
4 0.0359375 0.45546875 0.071875 0.1109375
11 0.67109375 0.28125 0.0671875 0.0625
1 0.19375 0.17109375 0.1875 0.2234375
15 0.28125 0.25078125 0.059375 0.0609375
8 0.7015625 0.14375 0.0875 0.103125
2 0.58828125 0.0328125 0.0796875 0.065625
2 0.384375 0.9265625 0.1125 0.146875
15 0.11171875 0.96328125 0.0640625 0.0671875
4 0.5203125 0.87734375 0.0875 0.1390625
7 0.94921875 0.78828125 0.0890625 0.0734375
3 0.12578125 0.77890625 0.0703125 0.0890625
12 0.8890625 0.76640625 0.046875 0.0546875
1 0.1578125 0.60546875 0.171875 0.2296875
7 0.4921875 0.58671875 0.06875 0.0765625
12 0.61640625 0.57578125 0.0484375 0.0484375
7 0.72109375 0.49765625 0.0734375 0.0265625
5 0.61953125 0.44921875 0.0328125 0.0234375
6 0.3609375 0.39140625 0.053125 0.0515625