5 0.2453125 0.009375 0.05625 0.01875
16 0.11328125 0.1125 0.0671875 0.065625
4 0.44140625 0.23046875 0.0828125 0.1515625
9 0.52578125 0.29609375 0.1296875 0.1453125
16 0.73515625 0.36015625 0.0640625 0.0671875
2 0.025 0.3640625 0.05 0.159375
14 0.703125 0.46171875 0.059375 0.0765625
9 0.3453125 0.41484375 0.09375 0.1734375
2 0.8046875 0.48359375 0.08125 0.2203125
5 0.96953125 0.5984375 0.0609375 0.1
1 0.00078125 0.646875 0.0015625 0.003125
2 0.9203125 0.634375 0.159375 0.103125
14 0.26484375 0.7046875 0.0390625 0.040625
3 0.3109375 0.703125 0.121875 0.096875
1 0.1609375 0.67421875 0.2625 0.2828125
1 0.978125 0.79609375 0.04375 0.0921875
0 0.86015625 0.7984375 0.1984375 0.15
1 0.053125 0.8390625 0.10625 0.265625
14 0.71171875 0.975 0.0828125 0.05
4 0.1734375 0.9578125 0.11875 0.084375