15 0.85078125 0.0875 0.0578125 0.05625
1 0.23828125 0.07578125 0.1296875 0.1265625
8 0.01875 0.9578125 0.0375 0.084375
16 0.8765625 0.99296875 0.040625 0.0140625
0 0.24140625 0.9203125 0.1328125 0.115625
14 0.64296875 0.89375 0.0484375 0.05625
5 0.72578125 0.815625 0.0703125 0.071875
11 0.8 0.77734375 0.053125 0.0578125
13 0.01171875 0.70546875 0.0234375 0.0453125
0 0.8890625 0.6625 0.13125 0.125
16 0.68203125 0.63984375 0.0421875 0.0421875
10 0.34765625 0.634375 0.0171875 0.034375
10 0.18203125 0.61796875 0.0421875 0.0359375
10 0.45390625 0.56171875 0.0359375 0.0359375
16 0.76328125 0.4421875 0.0390625 0.040625
16 0.50546875 0.43984375 0.0421875 0.0421875
0 0.984375 0.4265625 0.03125 0.03125
4 0.8828125 0.38671875 0.1375 0.0921875
16 0.28828125 0.31015625 0.0421875 0.0421875
13 0.58671875 0.2828125 0.0484375 0.046875
13 0.00546875 0.1890625 0.0109375 0.0375
7 0.078125 0.15390625 0.08125 0.0671875
14 0.8 0.021875 0.071875 0.04375
10 0.65703125 0.05234375 0.0359375 0.0359375
16 0.95546875 0.07421875 0.0484375 0.0453125
3 0.8828125 0.85078125 0.075 0.0828125
4 0.09609375 0.75234375 0.1421875 0.0765625
4 0.08125 0.6515625 0.08125 0.1125
12 0.465625 0.653125 0.04375 0.040625
2 0.3328125 0.58984375 0.065625 0.1421875
9 0.02734375 0.609375 0.0546875 0.06875
16 0.45078125 0.39453125 0.0421875 0.0421875
9 0.03125 0.31484375 0.0625 0.0390625
1 0.71484375 0.153125 0.1796875 0.203125
9 0.97421875 0.2328125 0.0515625 0.040625
13 0.3140625 0.203125 0.046875 0.046875