5 0.01640625 0.01640625 0.0328125 0.0328125
5 0.3859375 0.01796875 0.075 0.0359375
2 0.2609375 0.01953125 0.075 0.0390625
1 0.571875 0.94296875 0.13125 0.1140625
2 0.72109375 0.93125 0.0703125 0.1375
11 0.51796875 0.9578125 0.0671875 0.06875
14 0.65 0.84609375 0.08125 0.0546875
0 0.5203125 0.68828125 0.084375 0.1390625
0 0.978125 0.6765625 0.04375 0.10625
16 0.70390625 0.6984375 0.0453125 0.04375
13 0.0765625 0.534375 0.053125 0.05
0 0.32734375 0.375 0.0984375 0.125
2 0.24453125 0.37109375 0.0734375 0.0578125
16 0.85859375 0.31484375 0.0484375 0.0453125
16 0.9125 0.26484375 0.046875 0.0453125
13 0.45234375 0.21484375 0.0328125 0.0484375
8 0.325 0.11796875 0.090625 0.0953125
11 0.56328125 0.14140625 0.0359375 0.0109375
1 0.09140625 0.99765625 0.0390625 0.0046875
6 0.8984375 0.89140625 0.084375 0.0984375
7 0.6515625 0.78203125 0.08125 0.0703125
9 0.3328125 0.68046875 0.078125 0.0578125
16 0.18359375 0.609375 0.0453125 0.046875
7 0.98203125 0.56953125 0.0359375 0.0609375
3 0.4921875 0.52890625 0.08125 0.0890625
9 0.93984375 0.38046875 0.0703125 0.1421875
11 0.07734375 0.34375 0.0671875 0.06875
2 0.93125 0.2453125 0.1375 0.121875
14 0.92265625 0.178125 0.0578125 0.065625
2 0.3671875 0.0984375 0.121875 0.15