11 0.82734375 0.034375 0.0734375 0.06875
16 0.434375 0.04140625 0.053125 0.0546875
13 0.24296875 0.06953125 0.0609375 0.0640625
2 0.87265625 0.13359375 0.1671875 0.1640625
10 0.7765625 0.19765625 0.04375 0.0453125
0 0.99765625 0.26328125 0.0046875 0.0140625
4 0.13515625 0.23203125 0.1328125 0.1921875
3 0.89375 0.28125 0.103125 0.10625
10 0.36953125 0.35859375 0.0453125 0.0484375
7 0.0328125 0.36640625 0.065625 0.0453125
16 0.140625 0.3671875 0.05625 0.053125
12 0.2390625 0.37734375 0.05625 0.0546875
5 0.075 0.47109375 0.0875 0.0671875
8 0.4015625 0.45859375 0.109375 0.1109375
7 0.2484375 0.46953125 0.08125 0.0921875
14 0.96328125 0.55078125 0.0734375 0.0796875
1 0.60625 0.56640625 0.125 0.2109375
0 0.0203125 0.665625 0.040625 0.053125
13 0.3015625 0.67265625 0.059375 0.0546875
16 0.190625 0.753125 0.053125 0.053125
13 0.03359375 0.7921875 0.0609375 0.0625
2 0.21796875 0.87421875 0.1796875 0.0984375
16 0.44296875 0.9484375 0.0515625 0.05625
15 0.071875 0.95703125 0.075 0.0765625
2 0.97890625 0.959375 0.0421875 0.08125
2 0.93203125 0.97109375 0.1359375 0.0578125
7 0.50703125 0.99765625 0.0140625 0.0046875
6 0.35703125 0.96328125 0.1265625 0.0734375