5 0.67265625 0.02890625 0.0640625 0.0578125
16 0.7703125 0.04453125 0.04375 0.0484375
11 0.0875 0.03828125 0.06875 0.0671875
0 0.8390625 0.04140625 0.1375 0.0828125
16 0.9953125 0.12265625 0.009375 0.0328125
8 0.54296875 0.18203125 0.1015625 0.0859375
3 0.8875 0.9203125 0.071875 0.09375
12 0.775 0.9203125 0.046875 0.046875
14 0.5328125 0.88203125 0.059375 0.0828125
1 0.8203125 0.69375 0.203125 0.096875
3 0.75390625 0.6921875 0.0609375 0.053125
4 0.0546875 0.67578125 0.109375 0.0765625
14 0.2296875 0.62421875 0.05625 0.0796875
0 0.38828125 0.50703125 0.1171875 0.1359375
5 0.284375 0.52109375 0.071875 0.0703125
0 0.01171875 0.46953125 0.0234375 0.0578125
16 0.66796875 0.4234375 0.0421875 0.04375
2 0.9 0.2921875 0.10625 0.10625
1 0.68671875 0.2140625 0.0921875 0.19375
16 0.8 0.25625 0.046875 0.0375
7 0.44765625 0.07265625 0.0453125 0.0484375
1 0.55625 0.078125 0.16875 0.15625
6 0.253125 0.1703125 0.075 0.1
2 0.7921875 0.759375 0.071875 0.140625
16 0.66484375 0.70859375 0.0453125 0.0453125
3 0.796875 0.6640625 0.090625 0.06875
12 0.9921875 0.5734375 0.015625 0.040625
1 0.965625 0.475 0.06875 0.13125
12 0.18125 0.4234375 0.05625 0.04375
2 0.32265625 0.2890625 0.1578125 0.109375
5 0.9875 0.21484375 0.025 0.0609375