4 0.3421875 0.08984375 0.125 0.1796875
2 0.84296875 0.0953125 0.1078125 0.190625
15 0.10234375 0.31796875 0.0765625 0.0671875
3 0.5203125 0.36875 0.0875 0.078125
2 0.06015625 0.46328125 0.1203125 0.1890625
9 0.90546875 0.521875 0.0953125 0.08125
2 0.3984375 0.4921875 0.190625 0.15625
13 0.009375 0.56328125 0.01875 0.0546875
13 0.8578125 0.615625 0.0625 0.059375
13 0.25625 0.61640625 0.0625 0.0609375
15 0.3578125 0.62890625 0.06875 0.0703125
9 0.93359375 0.6359375 0.1328125 0.065625
7 0.05234375 0.6984375 0.1046875 0.05625
10 0.803125 0.72265625 0.04375 0.0484375
1 0.90859375 0.82109375 0.1828125 0.1859375
16 0.2546875 0.9359375 0.05625 0.05625
14 0.96875 0.95703125 0.0625 0.0859375