11 0.665625 0.0203125 0.090625 0.040625
12 0.80390625 0.1046875 0.0828125 0.08125
14 0.01640625 0.159375 0.0328125 0.084375
12 0.40703125 0.415625 0.0703125 0.08125
12 0.078125 0.4234375 0.075 0.06875
10 0.18984375 0.4515625 0.0546875 0.059375
2 0.00078125 0.5421875 0.0015625 0.00625
16 0.10234375 0.65078125 0.0734375 0.0703125
8 0.590625 0.6625 0.128125 0.115625
6 0.21953125 0.75390625 0.1828125 0.1140625
2 0.121875 0.85859375 0.121875 0.1609375
0 0.659375 0.94609375 0.196875 0.1078125
0 0.25546875 0.94765625 0.1390625 0.1046875