16 0.9859375 0.83984375 0.028125 0.0484375
8 0.33671875 0.81484375 0.0984375 0.0953125
1 0.51171875 0.74921875 0.1453125 0.1890625
15 0.97734375 0.7625 0.0453125 0.04375
1 0.1578125 0.659375 0.23125 0.221875
7 0.3546875 0.34140625 0.084375 0.0703125
11 0.1 0.3140625 0.071875 0.06875
6 0.875 0.27265625 0.0875 0.1171875
9 0.24609375 0.228125 0.0859375 0.05625
0 0.9546875 0.10625 0.090625 0.14375
14 0.42109375 0.13515625 0.0609375 0.0484375
15 0.04140625 0.11875 0.0609375 0.065625
13 0.23515625 0.1125 0.0515625 0.053125
14 0.62734375 0.109375 0.0609375 0.059375
2 0.57421875 0.05859375 0.0859375 0.1171875
6 0.99765625 0.10078125 0.0046875 0.0234375
6 0.53359375 0.0671875 0.0015625 0.00625
3 0.93359375 0.00078125 0.0109375 0.0015625
16 0.30859375 0.0078125 0.0421875 0.015625
9 0.02421875 0.0328125 0.0484375 0.065625
7 0.21796875 0.94921875 0.0921875 0.1015625
6 0.43359375 0.96953125 0.1109375 0.0546875
9 0.80546875 0.89765625 0.1484375 0.0984375
4 0.6296875 0.8015625 0.065625 0.159375
5 0.6828125 0.734375 0.071875 0.04375
14 0.23671875 0.55625 0.0546875 0.075
12 0.5953125 0.55390625 0.046875 0.0421875
4 0.36015625 0.459375 0.0890625 0.115625
3 0.27890625 0.41875 0.0828125 0.10625
6 0.59609375 0.290625 0.1078125 0.078125