2 0.76015625 0.0421875 0.1203125 0.05625
0 0.02265625 0.9703125 0.0453125 0.059375
11 0.4 0.9515625 0.046875 0.046875
10 0.303125 0.940625 0.040625 0.0375
14 0.64296875 0.88359375 0.0515625 0.0640625
16 0.76015625 0.7484375 0.0421875 0.04375
10 0.85859375 0.753125 0.0390625 0.034375
10 0.065625 0.68203125 0.04375 0.0328125
8 0.62734375 0.65 0.0828125 0.078125
0 0.85625 0.53203125 0.096875 0.1234375
10 0.61796875 0.57421875 0.0328125 0.0359375
5 0.778125 0.52109375 0.065625 0.0671875
5 0.53984375 0.521875 0.0484375 0.05
14 0.96484375 0.4984375 0.0421875 0.040625
8 0.6 0.41796875 0.075 0.0984375
15 0.29765625 0.35078125 0.0578125 0.0578125
6 0.9890625 0.34921875 0.021875 0.0265625
11 0.6703125 0.3 0.059375 0.059375
1 0.1703125 0.18984375 0.178125 0.1921875
16 0.828125 0.1859375 0.034375 0.040625
3 0.0796875 0.0390625 0.08125 0.078125
14 0.7265625 0.0953125 0.028125 0.028125
2 0.7640625 0.98046875 0.040625 0.0390625
16 0.86953125 0.95 0.0359375 0.025
11 0.61796875 0.8296875 0.0640625 0.059375
6 0.48203125 0.8015625 0.0328125 0.103125
2 0.02109375 0.49375 0.0421875 0.1375
3 0.7203125 0.3859375 0.053125 0.04375
12 0.6140625 0.353125 0.04375 0.046875
6 0.71796875 0.33828125 0.0890625 0.0546875
15 0.40859375 0.29296875 0.0546875 0.0578125