11 0.8640625 0.00234375 0.021875 0.0046875
3 0.046875 0.015625 0.09375 0.03125
3 0.6078125 0.01875 0.059375 0.0375
3 0.271875 0.10859375 0.090625 0.0953125
14 0.62890625 0.13125 0.0796875 0.071875
8 0.02890625 0.2359375 0.0578125 0.09375
4 0.74609375 0.203125 0.0859375 0.1625
3 0.065625 0.2640625 0.05625 0.065625
9 0.6640625 0.2859375 0.04375 0.06875
5 0.39296875 0.30390625 0.0765625 0.0703125
6 0.875 0.415625 0.096875 0.096875
14 0.1890625 0.5015625 0.078125 0.065625
11 0.30625 0.54375 0.065625 0.0625
14 0.40390625 0.55 0.0578125 0.059375
0 0.5203125 0.57109375 0.096875 0.1328125
14 0.234375 0.61484375 0.05625 0.0578125
15 0.67109375 0.6484375 0.0609375 0.0625
16 0.06953125 0.740625 0.0515625 0.046875
7 0.93515625 0.73046875 0.0703125 0.0703125
7 0.3515625 0.75 0.090625 0.05625
12 0.55546875 0.78125 0.0515625 0.053125
9 0.00078125 0.8125 0.0015625 0.00625
15 0.98046875 0.79375 0.0390625 0.0625
2 0.17890625 0.8859375 0.1515625 0.071875