9 0.10234375 0.02265625 0.1328125 0.0328125
3 0.93671875 0.0328125 0.0515625 0.0625
4 0.4296875 0.1265625 0.103125 0.078125
0 0.0484375 0.6984375 0.096875 0.109375
6 0.44375 0.64375 0.090625 0.0875
11 0.7359375 0.55546875 0.0625 0.0578125
4 0.96015625 0.44140625 0.0796875 0.0921875
0 0.575 0.41328125 0.125 0.0984375
0 0.42578125 0.32734375 0.0828125 0.1203125
11 0.3828125 0.3375 0.00625 0.040625
15 0.71015625 0.32890625 0.0578125 0.0578125
16 0.89453125 0.1703125 0.0453125 0.046875
3 0.57265625 0.0984375 0.0796875 0.059375
5 0.44609375 0.99296875 0.0359375 0.0140625
4 0.86328125 0.9375 0.1421875 0.11875
9 0.98203125 0.92421875 0.0359375 0.0453125
3 0.7734375 0.8796875 0.08125 0.065625
6 0.6890625 0.7453125 0.065625 0.09375
13 0.01328125 0.63203125 0.0265625 0.0484375
9 0.05625 0.59375 0.0875 0.11875
4 0.80546875 0.4078125 0.0796875 0.14375
14 0.7609375 0.3640625 0.046875 0.075
1 0.7703125 0.13359375 0.153125 0.2140625