6 0.50625 0.028125 0.028125 0.05625
11 0.60625 0.10078125 0.053125 0.0609375
11 0.18203125 0.96875 0.0609375 0.0625
2 0.55078125 0.9734375 0.0609375 0.053125
0 0.01015625 0.903125 0.0203125 0.078125
1 0.596875 0.709375 0.178125 0.10625
5 0.9125 0.6375 0.071875 0.05625
10 0.4046875 0.615625 0.0375 0.034375
0 0.98203125 0.4109375 0.0359375 0.1125
8 0.97890625 0.375 0.0421875 0.05
13 0.25859375 0.34375 0.0484375 0.0375
0 0.25859375 0.27890625 0.1203125 0.1296875
12 0.08671875 0.05234375 0.0453125 0.0421875
7 0.72578125 0.0734375 0.0765625 0.06875
3 0.93515625 0.12421875 0.0546875 0.0890625
16 0.59296875 0.15 0.0421875 0.04375
6 0.96484375 0.196875 0.0703125 0.078125
5 0.3515625 0.99609375 0.046875 0.0078125
13 0.48515625 0.92109375 0.0234375 0.0484375
9 0.19765625 0.834375 0.1109375 0.115625
14 0.665625 0.7234375 0.059375 0.04375
12 0.36484375 0.67109375 0.0453125 0.0421875
9 0.784375 0.35078125 0.090625 0.0453125
2 0.00859375 0.25 0.0171875 0.065625