16 0.58515625 0.05390625 0.0515625 0.0546875
1 0.78828125 0.0734375 0.1953125 0.146875
7 0.42734375 0.159375 0.0828125 0.0875
4 0.85390625 0.225 0.0796875 0.134375
3 0.38125 0.309375 0.078125 0.08125
7 0.925 0.3484375 0.078125 0.053125
11 0.0765625 0.4296875 0.078125 0.071875
10 0.42890625 0.446875 0.0421875 0.040625
11 0.98359375 0.446875 0.0328125 0.06875
13 0.8921875 0.4703125 0.05625 0.053125
8 0.20546875 0.4640625 0.0796875 0.096875
10 0.215625 0.534375 0.040625 0.04375
8 0.39765625 0.54921875 0.0828125 0.0765625
14 0.82578125 0.6109375 0.0734375 0.059375
15 0.1921875 0.65078125 0.065625 0.0640625
0 0.5359375 0.6453125 0.15 0.121875
12 0.4953125 0.68984375 0.05625 0.0421875
11 0.06875 0.69296875 0.06875 0.0671875
8 0.240625 0.73046875 0.09375 0.0890625
6 0.83359375 0.7421875 0.0828125 0.10625
14 0.440625 0.95234375 0.05625 0.0515625
15 0.30390625 0.95390625 0.0671875 0.0703125
8 0.62265625 0.9796875 0.0734375 0.040625
9 0.4921875 0.978125 0.046875 0.04375
8 0.18515625 0.95390625 0.1171875 0.0921875