8 0.9921875 0.0234375 0.015625 0.046875
15 0.7265625 0.08125 0.00625 0.00625
2 0.16328125 0.0578125 0.0765625 0.075
0 0.4203125 0.06328125 0.1 0.1265625
16 0.978125 0.11328125 0.04375 0.0546875
9 0.30390625 0.07578125 0.0828125 0.1515625
6 0.190625 0.140625 0.096875 0.1
12 0.97578125 0.2359375 0.0484375 0.05625
8 0.48671875 0.23046875 0.0984375 0.1234375
14 0.99375 0.428125 0.0125 0.01875
1 0.153125 0.546875 0.19375 0.240625
0 0.86953125 0.60859375 0.1765625 0.1265625
6 0.203125 0.65390625 0.125 0.1015625
2 0.2046875 0.71015625 0.11875 0.1703125
3 0.44296875 0.7484375 0.0828125 0.10625
9 0.74140625 0.78359375 0.0453125 0.0453125
15 0.9765625 0.77578125 0.046875 0.0703125
0 0.6859375 0.7296875 0.128125 0.1625
5 0.60078125 0.8796875 0.0828125 0.05625
14 0.03203125 0.9125 0.0640625 0.065625
14 0.80234375 0.92890625 0.0671875 0.0921875
1 0.18203125 0.87265625 0.2328125 0.2140625
11 0.834375 0.9796875 0.075 0.040625
3 0.52421875 0.996875 0.0265625 0.00625
8 0.42265625 0.9890625 0.0421875 0.021875
9 0.18046875 0.96796875 0.0546875 0.0640625