9 0.56328125 0.03671875 0.0859375 0.0734375
0 0.175 0.03828125 0.09375 0.0765625
10 0.07265625 0.11484375 0.0359375 0.0390625
1 0.9375 0.0890625 0.125 0.175
15 0.50546875 0.1765625 0.0578125 0.059375
6 0.99921875 0.9921875 0.0015625 0.003125
1 0.625 0.74296875 0.171875 0.2078125
6 0.78984375 0.79375 0.0578125 0.1
6 0.434375 0.79609375 0.090625 0.0484375
11 0.52109375 0.7953125 0.0578125 0.0375
16 0.978125 0.7546875 0.04375 0.04375
1 0.01875 0.64375 0.0375 0.125
4 0.62890625 0.590625 0.1484375 0.0875
0 0.55234375 0.48828125 0.0796875 0.1109375
14 0.37578125 0.5234375 0.0140625 0.003125
3 0.62421875 0.421875 0.0671875 0.08125
4 0.60703125 0.37734375 0.0984375 0.1171875
16 0.171875 0.36796875 0.04375 0.0421875
0 0.6796875 0.25234375 0.128125 0.1359375
5 0.8625 0.215625 0.071875 0.071875
12 0.30546875 0.2203125 0.0515625 0.04375
12 0.11796875 0.18203125 0.0453125 0.0484375
12 0.02421875 0.984375 0.0484375 0.03125
7 0.653125 0.98515625 0.053125 0.0296875
6 0.778125 0.9796875 0.090625 0.040625
9 0.9328125 0.98125 0.0375 0.0375
13 0.6 0.97109375 0.04375 0.0484375
15 0.15859375 0.8625 0.0609375 0.059375
4 0.0359375 0.81640625 0.071875 0.0953125
7 0.9828125 0.80234375 0.034375 0.0578125
14 0.1 0.73828125 0.08125 0.0546875
12 0.85703125 0.73984375 0.0453125 0.0453125
7 0.8359375 0.634375 0.0875 0.040625
9 0.61640625 0.6 0.0421875 0.065625
9 0.953125 0.3375 0.09375 0.040625
3 0.071875 0.2484375 0.071875 0.090625
16 0.5578125 0.2078125 0.04375 0.04375