5 0.33671875 0.03125 0.0890625 0.0625
16 0.6234375 0.06015625 0.053125 0.0546875
8 0.678125 0.1375 0.115625 0.109375
8 0.44609375 0.20546875 0.0703125 0.1046875
0 0.1203125 0.2015625 0.178125 0.1625
5 0.45390625 0.2828125 0.0734375 0.084375
6 0.72734375 0.2796875 0.1296875 0.109375
15 0.00625 0.34765625 0.0125 0.0484375
14 0.8359375 0.4203125 0.10625 0.065625
2 0.67265625 0.54140625 0.1828125 0.1109375
4 0.81640625 0.52890625 0.0984375 0.1796875
0 0.39296875 0.5578125 0.1453125 0.15625
1 0.2734375 0.59609375 0.203125 0.1578125
11 0.17421875 0.7140625 0.0765625 0.078125
16 0.84375 0.74375 0.05625 0.053125
4 0.48359375 0.7609375 0.1359375 0.11875
4 0.99609375 0.821875 0.0078125 0.0125
14 0.084375 0.82890625 0.09375 0.0671875
15 0.7375 0.85625 0.075 0.0625
6 0.31171875 0.87265625 0.1203125 0.1109375
16 0.315625 0.97890625 0.053125 0.0421875