11 0.12890625 0.00234375 0.0140625 0.0046875
14 0.7953125 0.00703125 0.04375 0.0140625
5 0.996875 0.1015625 0.00625 0.0375
4 0.5171875 0.065625 0.11875 0.11875
10 0.62734375 0.93984375 0.0390625 0.0390625
7 0.80234375 0.90234375 0.0796875 0.0640625
4 0.153125 0.76640625 0.084375 0.1015625
16 0.78828125 0.7890625 0.0421875 0.046875
10 0.23046875 0.7546875 0.0421875 0.034375
12 0.8578125 0.57578125 0.009375 0.0296875
0 0.128125 0.51875 0.14375 0.1
4 0.41015625 0.403125 0.0671875 0.1375
0 0.65859375 0.37109375 0.0921875 0.1390625
10 0.71171875 0.3828125 0.0296875 0.0375
7 0.50078125 0.30390625 0.0640625 0.0796875
1 0.34765625 0.25703125 0.1734375 0.1671875
11 0.165625 0.30703125 0.06875 0.0609375
14 0.38203125 0.25390625 0.0171875 0.0140625
11 0.91015625 0.1703125 0.0609375 0.065625
9 0.08046875 0.125 0.1171875 0.1125
6 0.16015625 0.0671875 0.0953125 0.075
7 0.1984375 0.96640625 0.09375 0.0609375
12 0.9390625 0.93515625 0.046875 0.0546875
2 0.31328125 0.75859375 0.1484375 0.1640625
3 0.553125 0.7796875 0.05625 0.071875
9 0.16015625 0.6921875 0.1046875 0.134375
16 0.35234375 0.521875 0.0453125 0.04375
11 0.6828125 0.2515625 0.059375 0.065625