13 0.87265625 0.103125 0.0390625 0.04375
11 0.90859375 0.91796875 0.0390625 0.0671875
12 0.52578125 0.92578125 0.0453125 0.0453125
13 0.86640625 0.89765625 0.0515625 0.0515625
9 0.9578125 0.76640625 0.084375 0.1359375
14 0.02265625 0.684375 0.0453125 0.05
8 0.28203125 0.63046875 0.0921875 0.1015625
11 0.153125 0.61875 0.0625 0.065625
9 0.8734375 0.48515625 0.071875 0.1265625
10 0.4546875 0.45546875 0.0375 0.0390625
4 0.06015625 0.35078125 0.1109375 0.0984375
1 0.27734375 0.278125 0.2078125 0.128125
13 0.52890625 0.2703125 0.0484375 0.05
3 0.028125 0.18046875 0.05625 0.0671875
1 0.81875 0.1109375 0.184375 0.15
14 0.60390625 0.14453125 0.0546875 0.0578125
13 0.68671875 0.1125 0.0484375 0.05
4 0.60078125 0.93828125 0.1421875 0.1140625
8 0.14296875 0.86796875 0.0671875 0.0859375
12 0.6296875 0.8375 0.04375 0.053125
14 0.3578125 0.7859375 0.059375 0.05625
6 0.08984375 0.72109375 0.1171875 0.0796875
2 0.97578125 0.56796875 0.0484375 0.1046875
1 0.63203125 0.38125 0.1265625 0.15625
16 0.02578125 0.3359375 0.0453125 0.034375
12 0.77265625 0.30703125 0.0546875 0.0421875
4 0.4046875 0.2171875 0.075 0.153125
11 0.0359375 0.2546875 0.065625 0.065625
9 0.21015625 0.153125 0.0921875 0.05625