11 0.90625 0.00703125 0.06875 0.0140625
11 0.75546875 0.01875 0.1015625 0.0375
13 0.18671875 0.02109375 0.0828125 0.0421875
4 0.49609375 0.1 0.1234375 0.2
1 0.1734375 0.21875 0.3 0.234375
3 0.72109375 0.2734375 0.1359375 0.16875
10 0.02109375 0.409375 0.0421875 0.0625
9 0.41484375 0.5828125 0.0921875 0.0875
7 0.67109375 0.615625 0.1140625 0.1125
14 0.059375 0.65859375 0.075 0.0578125
7 0.3140625 0.77421875 0.10625 0.1078125
4 0.428125 0.7703125 0.184375 0.165625
8 0.11953125 0.8890625 0.1515625 0.134375
12 0.4046875 0.9859375 0.075 0.028125