1 0.41953125 0.98359375 0.0859375 0.0328125
11 0.6171875 0.98125 0.065625 0.0375
9 0.978125 0.9828125 0.04375 0.034375
2 0.9921875 0.9375 0.015625 0.08125
2 0.43359375 0.8453125 0.1421875 0.134375
8 0.1421875 0.734375 0.1 0.090625
12 0.771875 0.640625 0.053125 0.046875
0 0.659375 0.60390625 0.15 0.1140625
16 0.55546875 0.609375 0.0484375 0.04375
10 0.334375 0.6015625 0.0375 0.040625
0 0.6703125 0.48125 0.134375 0.146875
5 0.90703125 0.46328125 0.0796875 0.0703125
4 0.70859375 0.42265625 0.0921875 0.1234375
8 0.8 0.34453125 0.115625 0.1015625
0 0.72578125 0.26328125 0.1078125 0.1390625
0 0.43125 0.25078125 0.134375 0.1484375
14 0.603125 0.2703125 0.05 0.065625
13 0.15703125 0.2375 0.0140625 0.015625
16 0.66953125 0.11015625 0.0484375 0.0484375
1 0.3890625 0.03828125 0.203125 0.0765625
15 0.07578125 0.04140625 0.0671875 0.0671875
1 0.50546875 0.99765625 0.0140625 0.0046875
12 0.6578125 0.8453125 0.05625 0.053125
9 0.22890625 0.7625 0.0734375 0.090625
2 0.01171875 0.48515625 0.0234375 0.0671875
4 0.08203125 0.43984375 0.1109375 0.0921875
7 0.0453125 0.36796875 0.090625 0.0515625
12 0.86796875 0.365625 0.0515625 0.046875
7 0.37109375 0.33984375 0.0515625 0.0953125
3 0.40703125 0.2765625 0.0453125 0.096875
15 0.56328125 0.27734375 0.0578125 0.0640625
11 0.8140625 0.134375 0.065625 0.046875