1 0.61171875 0.01953125 0.0671875 0.0390625
7 0.24296875 0.03515625 0.1296875 0.0703125
5 0.13515625 0.06015625 0.1046875 0.0671875
0 0.28671875 0.1390625 0.1640625 0.159375
6 0.2109375 0.278125 0.096875 0.15625
15 0.9015625 0.35703125 0.0875 0.0828125
1 0.0828125 0.32890625 0.165625 0.2765625
10 0.97578125 0.45078125 0.0484375 0.0515625
14 0.65859375 0.434375 0.0828125 0.0875
3 0.640625 0.5 0.14375 0.121875
10 0.5828125 0.7140625 0.05625 0.05
9 0.2296875 0.74609375 0.196875 0.1421875
14 0.40546875 0.7828125 0.0734375 0.075
16 0.23203125 0.85625 0.0640625 0.065625
10 0.09375 0.95 0.05625 0.05625
4 0.89375 0.99375 0.08125 0.0125
4 0.7765625 0.96015625 0.1375 0.0796875
15 0.4140625 0.97265625 0.078125 0.0546875
2 0.32578125 0.9796875 0.1203125 0.040625