9 0.14921875 0.1 0.0484375 0.06875
3 0.33515625 0.9609375 0.0703125 0.078125
9 0.365625 0.8875 0.109375 0.115625
3 0.09140625 0.81875 0.0578125 0.090625
5 0.8328125 0.81953125 0.06875 0.0390625
14 0.51328125 0.753125 0.0515625 0.053125
10 0.3015625 0.7046875 0.034375 0.0375
13 0.12421875 0.6765625 0.0515625 0.05
14 0.75390625 0.653125 0.0796875 0.053125
0 0.196875 0.59921875 0.128125 0.1359375
6 0.37578125 0.440625 0.1109375 0.084375
0 0.17578125 0.40390625 0.1078125 0.1390625
16 0.234375 0.3890625 0.03125 0.04375
13 0.65703125 0.3640625 0.0484375 0.046875
11 0.0609375 0.28984375 0.065625 0.0609375
0 0.89296875 0.16953125 0.1421875 0.1140625
9 0.25703125 0.815625 0.1546875 0.059375
2 0.9859375 0.66328125 0.028125 0.0578125
6 0.56328125 0.6296875 0.1015625 0.071875
12 0.00390625 0.62578125 0.0078125 0.0328125
9 0.4296875 0.56328125 0.125 0.0890625
12 0.0234375 0.5453125 0.046875 0.053125
13 0.9125 0.3328125 0.05 0.046875
7 0.6046875 0.29296875 0.053125 0.0828125
16 0.41015625 0.24453125 0.0453125 0.0453125