3 0.71796875 0.0046875 0.0203125 0.009375
10 0.17890625 0.00703125 0.0359375 0.0140625
0 0.60390625 0.0546875 0.1046875 0.109375
11 0.096875 0.09609375 0.0625 0.0609375
16 0.7484375 0.19140625 0.046875 0.0546875
1 0.81171875 0.1734375 0.1953125 0.246875
5 0.4375 0.29921875 0.065625 0.0890625
1 0.05625 0.25703125 0.1125 0.2109375
5 0.996875 0.56953125 0.00625 0.0359375
2 0.0453125 0.52578125 0.090625 0.1734375
15 0.02109375 0.721875 0.0421875 0.06875
8 0.79453125 0.73828125 0.0984375 0.1203125
4 0.94921875 0.77421875 0.1015625 0.0921875
16 0.1421875 0.8140625 0.059375 0.05625
1 0.4515625 0.77734375 0.2125 0.2484375
14 0.98125 0.925 0.0375 0.0375
7 0.0359375 0.93515625 0.071875 0.0859375
0 0.8921875 0.909375 0.15 0.175
8 0.45390625 0.95703125 0.1140625 0.0859375
4 0.22734375 0.9296875 0.1203125 0.140625
13 0.02890625 0.99765625 0.0296875 0.0046875