4 0.984375 0.0546875 0.03125 0.109375
12 0.70390625 0.12265625 0.0546875 0.0515625
16 0.52578125 0.18125 0.0484375 0.053125
3 0.840625 0.18828125 0.10625 0.0921875
8 0.01953125 0.19609375 0.0390625 0.0796875
1 0.9578125 0.2734375 0.084375 0.18125
10 0.3375 0.36484375 0.05 0.0390625
4 0.1203125 0.35625 0.125 0.0875
9 0.696875 0.43671875 0.1 0.0484375
9 0.25 0.44453125 0.1625 0.0484375
4 0.50390625 0.45703125 0.0578125 0.1640625
11 0.6546875 0.56484375 0.075 0.0734375
2 0.053125 0.57265625 0.10625 0.1609375
1 0.7421875 0.57578125 0.20625 0.2203125
14 0.89296875 0.6578125 0.0640625 0.0875
14 0.24609375 0.7390625 0.0609375 0.090625
0 0.7671875 0.7671875 0.128125 0.096875
15 0.85 0.80234375 0.06875 0.0671875
9 0.67734375 0.82265625 0.1671875 0.1109375
14 0.253125 0.8546875 0.090625 0.065625
14 0.8203125 0.91953125 0.09375 0.0640625
7 0.75390625 0.9875 0.0953125 0.025
0 0.2421875 0.96953125 0.096875 0.0609375