8 0.1609375 0.0109375 0.040625 0.021875
13 0.7015625 0.20078125 0.046875 0.0484375
3 0.0484375 0.8703125 0.075 0.059375
14 0.78046875 0.85390625 0.0640625 0.0578125
2 0.7375 0.8078125 0.065625 0.14375
16 0.940625 0.76484375 0.046875 0.0453125
0 0.790625 0.70859375 0.13125 0.1296875
1 0.00625 0.7546875 0.0125 0.028125
15 0.36640625 0.6140625 0.0546875 0.053125
14 0.7359375 0.59765625 0.053125 0.0546875
12 0.70703125 0.5640625 0.0421875 0.0375
7 0.83515625 0.5421875 0.0640625 0.059375
14 0.91015625 0.5109375 0.0546875 0.05625
2 0.740625 0.44140625 0.128125 0.1078125
8 0.04375 0.390625 0.084375 0.06875
4 0.93984375 0.36171875 0.1046875 0.1203125
16 0.30625 0.3015625 0.040625 0.040625
4 0.41328125 0.1109375 0.1046875 0.084375
9 0.01328125 0.190625 0.0265625 0.03125
9 0.01328125 0.9125 0.0265625 0.10625
16 0.49375 0.91015625 0.040625 0.0453125
13 0.6171875 0.81953125 0.046875 0.0453125
15 0.42578125 0.7984375 0.0546875 0.05625
12 0.4203125 0.75234375 0.04375 0.0421875
14 0.11171875 0.653125 0.0546875 0.04375
6 0.0984375 0.60625 0.09375 0.075
5 0.225 0.571875 0.0625 0.065625
3 0.7359375 0.4421875 0.09375 0.090625
4 0.6328125 0.29140625 0.134375 0.1234375
3 0.97265625 0.296875 0.0546875 0.059375