10 0.39609375 0.00390625 0.0296875 0.0078125
6 0.496875 0.0265625 0.115625 0.053125
0 0.9578125 0.97109375 0.084375 0.0578125
0 0.38046875 0.89609375 0.1296875 0.0828125
0 0.753125 0.75078125 0.1375 0.0703125
3 0.00625 0.696875 0.0125 0.071875
1 0.95390625 0.6421875 0.0921875 0.096875
7 0.4453125 0.63359375 0.071875 0.0703125
8 0.0875 0.43046875 0.090625 0.0609375
12 0.903125 0.31015625 0.05 0.0515625
5 0.14140625 0.17734375 0.0796875 0.0609375
7 0.5484375 0.97734375 0.08125 0.0453125
6 0.49453125 0.9125 0.0953125 0.065625
7 0.9171875 0.66328125 0.084375 0.0609375
2 0.39140625 0.60859375 0.0953125 0.1484375
12 0.8765625 0.534375 0.05 0.05
13 0.846875 0.4671875 0.053125 0.053125
15 0.65859375 0.46015625 0.0609375 0.0609375
5 0.634375 0.284375 0.075 0.06875