4 0.7984375 0.06796875 0.071875 0.1359375
1 0.515625 0.1078125 0.1875 0.215625
16 0.02734375 0.27109375 0.0546875 0.0640625
3 0.1 0.328125 0.125 0.121875
0 0.50078125 0.31640625 0.1328125 0.1765625
14 0.459375 0.4375 0.078125 0.075
16 0.31953125 0.64296875 0.0640625 0.0640625
10 0.62265625 0.74453125 0.0265625 0.0046875
0 0.17265625 0.6828125 0.1359375 0.175
1 0.5625 0.67265625 0.0875 0.2734375
14 0.67890625 0.84140625 0.0578125 0.0796875
11 0.071875 0.88984375 0.096875 0.0890625
15 0.140625 0.89765625 0.08125 0.0890625
8 0.8609375 0.92890625 0.128125 0.1046875
12 0.11015625 0.96875 0.0703125 0.0625