10 0.99921875 0.0921875 0.0015625 0.003125
5 0.40703125 0.084375 0.0703125 0.071875
4 0.75625 0.096875 0.0875 0.146875
10 0.16171875 0.1796875 0.0359375 0.0375
0 0.28359375 0.20546875 0.0796875 0.1078125
8 0.99140625 0.95859375 0.0171875 0.0796875
5 0.5640625 0.92265625 0.04375 0.0734375
1 0.20390625 0.709375 0.1421875 0.065625
0 0.99140625 0.71875 0.0171875 0.040625
15 0.821875 0.59765625 0.05625 0.0546875
16 0.27578125 0.54140625 0.0453125 0.0421875
15 0.5515625 0.44765625 0.05625 0.0546875
13 0.0671875 0.43828125 0.046875 0.0453125
0 0.39453125 0.28359375 0.1265625 0.1234375
13 0.85 0.31484375 0.015625 0.0296875
12 0.65234375 0.0140625 0.0484375 0.028125
14 0.43828125 0.01640625 0.0578125 0.0328125
3 0.784375 0.09921875 0.071875 0.0984375
13 0.1859375 0.2203125 0.046875 0.04375
1 0.2375 0.8046875 0.18125 0.184375
5 0.3296875 0.75703125 0.06875 0.0484375
4 0.459375 0.5765625 0.08125 0.153125
15 0.58515625 0.6171875 0.0578125 0.05625
9 0.8859375 0.54453125 0.0625 0.1296875
2 0.22109375 0.44609375 0.1015625 0.1453125
4 0.0140625 0.440625 0.028125 0.078125
14 0.00625 0.35703125 0.0125 0.0390625
12 0.61171875 0.3109375 0.0453125 0.040625