2 0.8421875 0.0015625 0.015625 0.003125
5 0.7859375 0.0171875 0.1 0.034375
13 0.63203125 0.13359375 0.0703125 0.0734375
1 0.9578125 0.0921875 0.084375 0.184375
5 0.3453125 0.29921875 0.06875 0.0953125
0 0.96484375 0.36171875 0.0703125 0.1140625
15 0.40859375 0.42265625 0.0796875 0.0796875
12 0.00078125 0.5125 0.0015625 0.015625
9 0.99609375 0.621875 0.0078125 0.025
8 0.55234375 0.5859375 0.1328125 0.121875
15 0.04140625 0.6796875 0.0828125 0.08125
5 0.73515625 0.73359375 0.0953125 0.0734375
11 0.9546875 0.93671875 0.090625 0.0890625
15 0.23828125 0.95234375 0.0796875 0.0828125
15 0.47421875 0.99140625 0.0671875 0.0171875
4 0.33984375 0.97578125 0.0921875 0.0484375
16 0.11484375 0.98828125 0.0578125 0.0234375