15 0.46015625 0.015625 0.0609375 0.03125
2 0.40625 0.03125 0.0875 0.0625
6 0.528125 0.0453125 0.084375 0.090625
9 0.82421875 0.0515625 0.0671875 0.103125
16 0.34296875 0.14453125 0.0515625 0.0546875
8 0.64140625 0.1390625 0.0890625 0.103125
9 0.54921875 0.19765625 0.0078125 0.0109375
0 0.72421875 0.20859375 0.0921875 0.1203125
1 0.9125 0.2078125 0.175 0.190625
9 0.734375 0.34921875 0.0875 0.0515625
3 0.5046875 0.378125 0.075 0.078125
10 0.43359375 0.3984375 0.0453125 0.040625
9 0.9984375 0.4953125 0.003125 0.009375
16 0.73515625 0.48515625 0.0484375 0.0484375
6 0.571875 0.49296875 0.078125 0.1015625
0 0.23203125 0.5890625 0.1578125 0.1375
15 0.64375 0.64375 0.065625 0.065625
12 0.81484375 0.659375 0.0515625 0.05
2 0.35 0.684375 0.1625 0.084375
14 0.4875 0.709375 0.06875 0.084375
12 0.01328125 0.86171875 0.0265625 0.0484375
5 0.92109375 0.89375 0.0140625 0.034375
7 0.14375 0.90546875 0.1 0.0578125
3 0.00703125 0.9140625 0.0140625 0.053125
1 0.94453125 0.85 0.1109375 0.24375
1 0.98515625 0.9859375 0.0296875 0.028125
14 0.31796875 0.99453125 0.0453125 0.0109375