11 0.06328125 0.02265625 0.0796875 0.0453125
4 0.18203125 0.03359375 0.1421875 0.0671875
4 0.8734375 0.04765625 0.0625 0.0953125
2 0.46796875 0.05390625 0.1828125 0.1078125
14 0.409375 0.17265625 0.0875 0.0765625
12 0.6109375 0.18828125 0.053125 0.0671875
14 0.553125 0.2703125 0.09375 0.06875
9 0.3421875 0.2640625 0.075 0.165625
1 0.05 0.2703125 0.1 0.1625
5 0.221875 0.37265625 0.090625 0.0890625
3 0.88515625 0.4109375 0.0734375 0.121875
1 0.83828125 0.58125 0.2515625 0.26875
9 0.00390625 0.73515625 0.0078125 0.0171875
8 0.68828125 0.84375 0.0796875 0.10625
4 0.0078125 0.8609375 0.015625 0.075
1 0.715625 0.88984375 0.221875 0.1734375
5 0.4234375 0.95703125 0.0875 0.0859375
1 0.0984375 0.925 0.196875 0.15