14 0.68671875 0.0265625 0.0828125 0.053125
16 0.1828125 0.12421875 0.059375 0.0515625
2 0.12421875 0.1609375 0.1734375 0.18125
15 0.628125 0.23828125 0.078125 0.0796875
12 0.565625 0.29609375 0.05625 0.0578125
13 0.97109375 0.3265625 0.0578125 0.0625
1 0.99453125 0.3671875 0.0109375 0.03125
14 0.671875 0.44375 0.103125 0.08125
7 0.7484375 0.51171875 0.115625 0.0734375
4 0.4734375 0.50390625 0.1 0.1828125
6 0.63828125 0.54765625 0.1421875 0.1015625
10 0.09140625 0.65625 0.0515625 0.046875
12 0.69453125 0.83203125 0.0734375 0.0609375
0 0.01171875 0.90078125 0.0234375 0.1140625
13 0.6140625 0.9765625 0.065625 0.046875
0 0.334375 0.97421875 0.109375 0.0515625