6 0.10390625 0.00625 0.0234375 0.0125
1 0.06015625 0.0453125 0.1203125 0.090625
12 0.40078125 0.08203125 0.0421875 0.0421875
8 0.6234375 0.99296875 0.0375 0.0140625
6 0.97265625 0.96171875 0.0546875 0.0765625
0 0.85703125 0.8359375 0.1046875 0.140625
11 0.3703125 0.8703125 0.0625 0.06875
11 0.14609375 0.865625 0.0640625 0.06875
1 0.68671875 0.83359375 0.1953125 0.1265625
7 0.54375 0.86328125 0.078125 0.0640625
1 0.43046875 0.746875 0.1859375 0.20625
3 0.23359375 0.709375 0.0796875 0.096875
3 0.07578125 0.68046875 0.0703125 0.0609375
16 0.7890625 0.6765625 0.046875 0.046875
5 0.3734375 0.63828125 0.075 0.0703125
1 0.2640625 0.5359375 0.225 0.20625
0 0.190625 0.4828125 0.078125 0.05625
16 0.7234375 0.43828125 0.04375 0.0421875
5 0.88046875 0.3875 0.0734375 0.034375
15 0.2375 0.35703125 0.0625 0.0578125
16 0.93359375 0.18125 0.0484375 0.046875
11 0.98515625 0.06015625 0.0296875 0.0640625
9 0.725 0.96640625 0.1375 0.0671875
4 0.6828125 0.7859375 0.06875 0.1
1 0.97421875 0.378125 0.0515625 0.184375
13 0.27265625 0.4515625 0.0203125 0.0125
16 0.17734375 0.4015625 0.0453125 0.046875
5 0.759375 0.375 0.06875 0.071875
9 0.3546875 0.3234375 0.06875 0.103125
6 0.1171875 0.24453125 0.109375 0.0984375
6 0.0546875 0.20703125 0.109375 0.1203125
12 0.909375 0.21953125 0.05 0.0453125
5 0.09765625 0.10390625 0.0671875 0.0765625
2 0.3 0.06328125 0.084375 0.1265625