5 0.2921875 0.0375 0.08125 0.075
12 0.478125 0.06640625 0.053125 0.0578125
10 0.38515625 0.090625 0.0421875 0.04375
13 0.675 0.10390625 0.05625 0.0578125
16 0.99921875 0.2265625 0.0015625 0.0125
7 0.128125 0.27578125 0.053125 0.0296875
7 0.6515625 0.26171875 0.08125 0.0921875
16 0.73671875 0.32109375 0.0515625 0.0484375
11 0.13984375 0.37421875 0.0734375 0.0703125
0 0.03203125 0.3703125 0.0640625 0.08125
10 0.71796875 0.40859375 0.0390625 0.0421875
8 0.890625 0.41484375 0.10625 0.0984375
12 0.334375 0.46171875 0.04375 0.0578125
3 0.91171875 0.50703125 0.0046875 0.0140625
13 0.0625 0.49140625 0.059375 0.0578125
7 0.96640625 0.553125 0.0671875 0.06875
0 0.50390625 0.54375 0.0953125 0.134375
12 0.06953125 0.76640625 0.0578125 0.0515625
11 0.946875 0.85546875 0.028125 0.0734375
7 0.7609375 0.93125 0.090625 0.059375
3 0.81015625 0.98125 0.0484375 0.0375
9 0.5796875 0.9859375 0.065625 0.028125
8 0.446875 0.9578125 0.090625 0.084375