9 0.3921875 0.0359375 0.125 0.071875
2 0.925 0.06875 0.134375 0.1375
16 0.09375 0.2484375 0.084375 0.071875
2 0.28203125 0.1640625 0.1921875 0.253125
7 0.228125 0.540625 0.159375 0.053125
10 0.9828125 0.56875 0.01875 0.015625
12 0.43984375 0.6296875 0.0640625 0.05625
14 0.078125 0.6734375 0.103125 0.115625
13 0.3015625 0.71875 0.0875 0.084375
9 0.8296875 0.834375 0.175 0.15
15 0.58359375 0.8625 0.1046875 0.09375
2 0.053125 0.8375 0.10625 0.159375
2 0.6203125 0.90625 0.159375 0.1875
10 0.33125 0.9765625 0.0625 0.046875