16 0.9828125 0.0953125 0.034375 0.05
13 0.978125 0.19765625 0.04375 0.0546875
6 0.0796875 0.25546875 0.09375 0.1046875
11 0.515625 0.30390625 0.071875 0.0765625
11 0.36015625 0.34609375 0.0734375 0.0703125
14 0.975 0.3546875 0.05 0.084375
0 0.0046875 0.396875 0.009375 0.028125
5 0.07734375 0.390625 0.0734375 0.078125
4 0.74609375 0.3796875 0.0921875 0.13125
5 0.40234375 0.4109375 0.0359375 0.078125
15 0.6078125 0.42578125 0.065625 0.0671875
7 0.83828125 0.44140625 0.0828125 0.0609375
2 0.12734375 0.47109375 0.1171875 0.0921875
3 0.92734375 0.5203125 0.0671875 0.09375
10 0.759375 0.56640625 0.046875 0.0359375
4 0.9625 0.5703125 0.06875 0.10625
0 0.17890625 0.56484375 0.0921875 0.1296875
2 0.25546875 0.55234375 0.1421875 0.1765625
3 0.33515625 0.61640625 0.0359375 0.0515625
5 0.1828125 0.6296875 0.08125 0.075
8 0.95625 0.6328125 0.0875 0.109375
4 0.67421875 0.76171875 0.1796875 0.0640625
2 0.3234375 0.79921875 0.1625 0.1484375
11 0.66640625 0.87109375 0.0671875 0.0765625
7 0.99296875 0.90234375 0.0140625 0.0453125
15 0.2921875 0.9359375 0.065625 0.06875
1 0.69609375 0.88984375 0.1640625 0.1703125