6 0.83203125 0.128125 0.2265625 0.1125
3 0.19140625 0.171875 0.1796875 0.1125
16 0.375 0.21640625 0.084375 0.0859375
11 0.22734375 0.30390625 0.1234375 0.1140625
5 0.859375 0.396875 0.1375 0.13125
6 0.925 0.4796875 0.15 0.146875
4 0.62578125 0.44921875 0.1703125 0.2890625
13 0.66875 0.678125 0.09375 0.096875
10 0.32421875 0.73359375 0.0734375 0.0671875
11 0.15390625 0.70859375 0.1234375 0.1265625
7 0.5109375 0.7046875 0.071875 0.16875
5 0.090625 0.7984375 0.1375 0.128125
6 0.94140625 0.8265625 0.1171875 0.221875
12 0.01484375 0.928125 0.0296875 0.0875
4 0.49765625 0.93359375 0.1421875 0.1328125