8 0.66484375 0.0109375 0.0984375 0.021875
16 0.5640625 0.02109375 0.053125 0.0421875
3 0.40234375 0.0296875 0.0734375 0.059375
4 0.81875 0.0484375 0.125 0.096875
15 0.97734375 0.1421875 0.0453125 0.075
4 0.06875 0.1953125 0.1375 0.171875
1 0.58125 0.228125 0.18125 0.2375
14 0.7984375 0.43359375 0.0875 0.0640625
11 0.3125 0.43671875 0.08125 0.0703125
12 0.22890625 0.5078125 0.0640625 0.053125
9 0.76796875 0.51796875 0.1640625 0.0390625
9 0.02734375 0.5671875 0.0546875 0.0625
0 0.18046875 0.55625 0.1265625 0.15625
6 0.67109375 0.62421875 0.1234375 0.0890625
5 0.12890625 0.690625 0.0890625 0.06875
8 0.8296875 0.69296875 0.071875 0.0859375
12 0.9390625 0.71484375 0.05625 0.0578125
13 0.35078125 0.73203125 0.0546875 0.0296875
2 0.759375 0.715625 0.14375 0.109375
4 0.03515625 0.746875 0.0703125 0.090625
16 0.69453125 0.815625 0.0546875 0.05625
15 0.1859375 0.87578125 0.071875 0.0734375
12 0.31796875 0.91953125 0.0203125 0.0578125
6 0.98203125 0.95546875 0.0359375 0.0421875
3 0.82578125 0.9671875 0.1109375 0.065625
2 0.26796875 0.93046875 0.1015625 0.1390625
7 0.0078125 0.98828125 0.015625 0.0234375