6 0.69921875 0.98125 0.1015625 0.0375
16 0.2796875 0.85859375 0.025 0.0515625
0 0.95234375 0.715625 0.0953125 0.146875
0 0.30390625 0.59375 0.1390625 0.146875
13 0.996875 0.6515625 0.00625 0.00625
13 0.9546875 0.3515625 0.05625 0.053125
5 0.2046875 0.32890625 0.071875 0.0734375
8 0.79609375 0.24609375 0.0953125 0.0859375
0 0.34140625 0.1921875 0.1328125 0.153125
0 0.36484375 0.06875 0.0921875 0.1375
0 0.7984375 0.0578125 0.125 0.115625
16 0.646875 0.04921875 0.04375 0.0515625
15 0.28203125 0.03359375 0.0640625 0.0671875
4 0.02890625 0.02734375 0.0578125 0.0546875
7 0.56015625 0.81953125 0.0890625 0.0765625
2 0.365625 0.70390625 0.16875 0.1578125
15 0.82734375 0.709375 0.0671875 0.065625
12 0.18046875 0.64609375 0.0546875 0.0484375
2 0.1625 0.503125 0.159375 0.1375
4 0.2546875 0.503125 0.090625 0.134375
4 0.884375 0.48828125 0.1625 0.1203125
3 0.54296875 0.4984375 0.0671875 0.08125
5 0.984375 0.47734375 0.03125 0.0640625
9 0.121875 0.43359375 0.140625 0.0671875
13 0.92734375 0.40703125 0.0578125 0.0546875
3 0.85625 0.01640625 0.075 0.0328125