1 0.31796875 0.09296875 0.2421875 0.1859375
4 0.2625 0.19140625 0.1 0.1140625
5 0.95859375 0.303125 0.0828125 0.09375
9 0.9109375 0.4140625 0.084375 0.059375
2 0.828125 0.365625 0.0875 0.203125
2 0.69140625 0.56796875 0.1734375 0.0984375
10 0.79140625 0.70859375 0.0546875 0.0515625
11 0.2046875 0.79921875 0.09375 0.0921875
12 0.30703125 0.83203125 0.0671875 0.0609375
3 0.00703125 0.8703125 0.0140625 0.0625
11 0.98125 0.8671875 0.0375 0.090625
6 0.40390625 0.865625 0.1109375 0.14375
15 0.46015625 0.93359375 0.0796875 0.0859375
9 0.1421875 0.9828125 0.034375 0.034375
11 0.0875 0.98828125 0.075 0.0234375