1 0.48046875 0.00859375 0.0234375 0.0171875
5 0.37734375 0.04296875 0.0734375 0.0859375
0 0.503125 0.09609375 0.11875 0.1328125
2 0.68046875 0.15546875 0.0890625 0.1265625
4 0.31015625 0.26875 0.1546875 0.09375
16 0.5203125 0.33046875 0.046875 0.0484375
1 0.1109375 0.353125 0.221875 0.16875
4 0.1046875 0.428125 0.1 0.059375
11 0.3375 0.5703125 0.075 0.071875
2 0.40390625 0.5671875 0.0734375 0.16875
7 0.69140625 0.61484375 0.0953125 0.0921875
2 0.628125 0.6265625 0.140625 0.103125
8 0.896875 0.6328125 0.1 0.1125
11 0.47578125 0.73515625 0.0734375 0.0703125
16 0.39921875 0.85 0.0484375 0.053125
9 0.034375 0.87890625 0.06875 0.0921875
14 0.9921875 0.99296875 0.015625 0.0140625
0 0.2921875 0.93203125 0.109375 0.1359375