16 0.68046875 0.00078125 0.0109375 0.0015625
10 0.55703125 0.0015625 0.0171875 0.003125
10 0.015625 0.08125 0.03125 0.0375
13 0.93125 0.12265625 0.053125 0.0484375
5 0.6375 0.11953125 0.059375 0.0671875
15 0.4109375 0.17890625 0.0375 0.0578125
8 0.14296875 0.22890625 0.0890625 0.0609375
6 0.3734375 0.99609375 0.040625 0.0078125
11 0.85234375 0.99296875 0.0546875 0.0140625
4 0.5984375 0.93515625 0.078125 0.1109375
13 0.0109375 0.91953125 0.021875 0.0484375
0 0.378125 0.79296875 0.1 0.1359375
16 0.9375 0.7625 0.046875 0.046875
10 0.1515625 0.73359375 0.0375 0.0328125
11 0.60859375 0.71875 0.0578125 0.0625
12 0.240625 0.5765625 0.04375 0.040625
12 0.47734375 0.5578125 0.0453125 0.040625
5 0.89375 0.54921875 0.06875 0.0578125
9 0.97265625 0.5359375 0.0546875 0.053125
13 0.73125 0.51484375 0.05 0.0484375
10 0.1375 0.51796875 0.034375 0.0359375
13 0.0421875 0.46328125 0.05 0.0390625
1 0.38984375 0.39453125 0.1328125 0.1703125
7 0.7796875 0.34921875 0.08125 0.0828125
7 0.16875 0.01328125 0.0625 0.0265625
6 0.8875 0.028125 0.109375 0.05625
6 0.79921875 0.10859375 0.0609375 0.0734375
3 0.03125 0.17890625 0.0625 0.0953125
9 0.93046875 0.9703125 0.0484375 0.059375
3 0.7296875 0.9296875 0.06875 0.0625
2 0.01171875 0.828125 0.0234375 0.04375
3 0.71640625 0.7328125 0.0546875 0.096875
7 0.32734375 0.6640625 0.0640625 0.059375
12 0.99921875 0.68984375 0.0015625 0.0015625
14 0.7015625 0.6328125 0.053125 0.05
13 0.01953125 0.60078125 0.0390625 0.0453125
9 0.54453125 0.48359375 0.0640625 0.1484375
12 0.81484375 0.53046875 0.0421875 0.0421875
12 0.20234375 0.4265625 0.0453125 0.040625
7 0.10390625 0.371875 0.0796875 0.0625
4 0.39296875 0.2578125 0.1453125 0.090625