0 0.6359375 0.0171875 0.196875 0.034375
13 0.34140625 0.025 0.0765625 0.05
11 0.85234375 0.16015625 0.0984375 0.1015625
6 0.9609375 0.1640625 0.078125 0.109375
14 0.6796875 0.25390625 0.096875 0.1015625
0 0.46796875 0.2140625 0.2328125 0.2125
4 0.03671875 0.22734375 0.0734375 0.1859375
10 0.96875 0.4859375 0.0625 0.05625
7 0.5734375 0.49375 0.121875 0.128125
2 0.38828125 0.5453125 0.2546875 0.16875
11 0.96875 0.6234375 0.0625 0.090625
13 0.19375 0.64921875 0.084375 0.0828125
16 0.975 0.82578125 0.05 0.0734375
0 0.9109375 0.96875 0.178125 0.0625
5 0.60859375 0.97734375 0.1109375 0.0453125