0 0.80546875 0.04765625 0.1234375 0.0953125
10 0.515625 0.14609375 0.05625 0.0390625
13 0.6171875 0.259375 0.075 0.08125
16 0.7203125 0.3234375 0.071875 0.06875
4 0.48828125 0.2546875 0.1578125 0.265625
4 0.5484375 0.37109375 0.1625 0.1984375
15 0.95859375 0.4671875 0.0828125 0.09375
6 0.1796875 0.49140625 0.153125 0.1328125
14 0.47734375 0.60234375 0.1109375 0.0859375
2 0.65078125 0.74296875 0.2234375 0.2234375
12 0.64765625 0.85703125 0.0703125 0.0734375
4 0.9203125 0.89453125 0.159375 0.1140625
13 0.96953125 0.971875 0.0609375 0.05625
1 0.94921875 0.9734375 0.1015625 0.053125