13 0.56484375 0.02421875 0.0515625 0.0484375
14 0.771875 0.83828125 0.065625 0.0578125
3 0.9828125 0.7765625 0.034375 0.03125
5 0.203125 0.72890625 0.075 0.0765625
11 0.85078125 0.72890625 0.0515625 0.0578125
10 0.37421875 0.69609375 0.0390625 0.0453125
13 0.4421875 0.6859375 0.05 0.053125
3 0.63203125 0.534375 0.1015625 0.059375
6 0.85703125 0.36328125 0.0984375 0.1015625
8 0.5875 0.26953125 0.08125 0.1109375
7 0.42265625 0.24921875 0.0484375 0.0359375
13 0.85078125 0.22109375 0.0546875 0.0515625
0 0.5140625 0.14453125 0.103125 0.1546875
10 0.7515625 0.1609375 0.0375 0.040625
8 0.36484375 0.13046875 0.0828125 0.0984375
14 0.0671875 0.11953125 0.065625 0.0796875
2 0.5625 0.925 0.13125 0.14375
11 0.5609375 0.778125 0.06875 0.071875
1 0.72109375 0.74140625 0.2328125 0.1421875
12 0.1890625 0.55234375 0.0375 0.0453125
12 0.71640625 0.47109375 0.0546875 0.0453125
3 0.2015625 0.2453125 0.071875 0.10625
15 0.3453125 0.221875 0.0625 0.065625
13 0.88046875 0.17109375 0.0578125 0.0515625
11 0.28984375 0.14296875 0.0703125 0.0734375
3 0.15390625 0.04453125 0.0671875 0.0890625