3 0.0015625 0.003125 0.003125 0.00625
7 0.69296875 0.00703125 0.1078125 0.0140625
3 0.9546875 0.0890625 0.090625 0.15
8 0.3140625 0.09921875 0.071875 0.1390625
13 0.18203125 0.25234375 0.0671875 0.0703125
2 0.97421875 0.275 0.0515625 0.1
16 0.49140625 0.34609375 0.0609375 0.0609375
14 0.35234375 0.38203125 0.0828125 0.0734375
9 0.86171875 0.40078125 0.0734375 0.1703125
12 0.44375 0.48671875 0.071875 0.0609375
8 0.49609375 0.5046875 0.1078125 0.128125
7 0.21484375 0.52734375 0.1234375 0.0828125
1 0.8625 0.55859375 0.184375 0.2328125
9 0.96484375 0.85546875 0.0703125 0.0953125
5 0.00546875 0.8953125 0.0109375 0.04375
14 0.69375 0.90703125 0.075 0.0828125
0 0.6484375 0.9296875 0.18125 0.115625
9 0.09765625 0.96171875 0.1953125 0.0515625