2 0.11328125 0.05703125 0.0609375 0.1140625
10 0.05625 0.23828125 0.04375 0.0453125
11 0.11875 0.24140625 0.071875 0.0703125
15 0.63359375 0.3 0.0671875 0.053125
8 0.2734375 0.38671875 0.096875 0.1046875
13 0.4796875 0.4625 0.05625 0.05625
10 0.2078125 0.49609375 0.0375 0.0421875
6 0.88359375 0.503125 0.0890625 0.053125
2 0.50234375 0.48125 0.0953125 0.14375
15 0.2484375 0.67578125 0.06875 0.0671875
1 0.97734375 0.7265625 0.0453125 0.153125
10 0.4890625 0.80390625 0.0375 0.0421875
7 0.5171875 0.85859375 0.1 0.0828125
4 0.95625 0.93828125 0.0875 0.0859375
7 0.11484375 0.9796875 0.0546875 0.040625
1 0.0421875 0.9109375 0.084375 0.178125