10 0.17265625 0.03671875 0.0421875 0.0546875
3 0.825 0.0375 0.1 0.075
0 0.6890625 0.05 0.1 0.1
14 0.87265625 0.1234375 0.0640625 0.065625
0 0.1015625 0.13984375 0.134375 0.1671875
10 0.01171875 0.265625 0.0234375 0.04375
8 0.878125 0.26015625 0.096875 0.1015625
6 0.12421875 0.32109375 0.1296875 0.0765625
4 0.315625 0.32421875 0.096875 0.1421875
9 0.03359375 0.40078125 0.0671875 0.0359375
12 0.4703125 0.4515625 0.028125 0.034375
15 0.1390625 0.490625 0.071875 0.065625
8 0.51015625 0.49609375 0.1109375 0.0890625
4 0.0828125 0.5625 0.05625 0.096875
5 0.28359375 0.60859375 0.0828125 0.0640625
0 0.86796875 0.5890625 0.1453125 0.134375
14 0.721875 0.634375 0.09375 0.059375
14 0.6484375 0.75546875 0.0875 0.0671875
13 0.10703125 0.81640625 0.0609375 0.0578125
15 0.6921875 0.92109375 0.065625 0.0703125
1 0.41015625 0.884375 0.1859375 0.23125
8 0.14375 0.98359375 0.0875 0.0328125