10 0.1234375 0.00078125 0.0125 0.0015625
13 0.2265625 0.01171875 0.05 0.0234375
10 0.0546875 0.05390625 0.04375 0.0359375
6 0.59765625 0.0375 0.0640625 0.075
6 0.1125 0.09296875 0.0625 0.1046875
15 0.99765625 0.17890625 0.0046875 0.0265625
6 0.24609375 0.83984375 0.0703125 0.1015625
8 0.0859375 0.83671875 0.096875 0.0796875
2 0.02265625 0.63828125 0.0453125 0.1484375
0 0.7078125 0.62890625 0.0875 0.0859375
6 0.73203125 0.55546875 0.1109375 0.0734375
6 0.75390625 0.45390625 0.1078125 0.0546875
6 0.84453125 0.42578125 0.1046875 0.0671875
11 0.02421875 0.42734375 0.0484375 0.0578125
13 0.434375 0.35703125 0.04375 0.0484375
5 0.496875 0.22421875 0.05625 0.0671875
0 0.0234375 0.1421875 0.046875 0.1375
6 0.83359375 0.14453125 0.0484375 0.1078125
7 0.37890625 0.06328125 0.0859375 0.0921875
7 0.65625 0.13046875 0.08125 0.0859375
9 0.77265625 0.865625 0.0265625 0.0875
3 0.03671875 0.74453125 0.0734375 0.0578125
6 0.96953125 0.7125 0.0609375 0.0875
9 0.14140625 0.73203125 0.1421875 0.0296875
6 0.13828125 0.59375 0.1109375 0.04375
12 0.5546875 0.53828125 0.05 0.0421875
9 0.2015625 0.41015625 0.05625 0.0453125
1 0.07265625 0.31171875 0.1453125 0.1796875
14 0.29609375 0.3359375 0.0703125 0.0625