12 0.9546875 0.021875 0.078125 0.04375
2 0.07421875 0.07109375 0.1109375 0.1421875
2 0.55625 0.11328125 0.140625 0.2265625
1 0.82890625 0.14140625 0.3421875 0.2828125
16 0.21953125 0.25859375 0.0390625 0.0671875
2 0.18828125 0.1875 0.1046875 0.259375
6 0.01328125 0.30078125 0.0265625 0.0953125
10 0.97265625 0.4484375 0.0546875 0.05625
8 0.68828125 0.41875 0.1296875 0.121875
7 0.43046875 0.478125 0.1109375 0.040625
16 0.2671875 0.53984375 0.065625 0.0671875
9 0.57578125 0.51953125 0.1921875 0.1171875
10 0.68671875 0.6 0.0578125 0.05625
1 0.79921875 0.51484375 0.2421875 0.2453125
1 0.0140625 0.6078125 0.028125 0.121875
4 0.6359375 0.696875 0.0875 0.190625
0 0.76484375 0.7359375 0.1796875 0.221875
6 0.2234375 0.89921875 0.109375 0.1796875
1 0.43125 0.91875 0.13125 0.1625
3 0.27265625 0.9890625 0.0796875 0.021875
15 0.065625 0.96171875 0.096875 0.0765625