14 0.809375 0.1171875 0.075 0.08125
14 0.51953125 0.16640625 0.0671875 0.0765625
3 0.97578125 0.2078125 0.0484375 0.125
2 0.84296875 0.1828125 0.1609375 0.203125
6 0.9703125 0.2859375 0.059375 0.046875
11 0.928125 0.31796875 0.06875 0.0828125
9 0.02890625 0.36640625 0.0578125 0.0359375
3 0.25546875 0.47421875 0.1015625 0.1296875
14 0.89765625 0.5296875 0.0953125 0.071875
8 0.1015625 0.5015625 0.103125 0.134375
0 0.12421875 0.5640625 0.1609375 0.1375
3 0.90078125 0.6140625 0.1453125 0.0875
12 0.5046875 0.66015625 0.05625 0.0609375
3 0.8125 0.8046875 0.103125 0.115625
1 0.6296875 0.79921875 0.2375 0.2234375
14 0.22109375 0.9171875 0.0984375 0.06875
10 0.453125 0.92890625 0.04375 0.0515625
8 0.03046875 0.946875 0.0609375 0.065625
8 0.63203125 0.95390625 0.1140625 0.0921875
14 0.06796875 0.98046875 0.0640625 0.0390625
14 0.0203125 0.98671875 0.040625 0.0265625