6 0.36796875 0.02421875 0.0859375 0.0484375
12 0.515625 0.04921875 0.034375 0.0546875
2 0.0046875 0.11953125 0.009375 0.0203125
1 0.496875 0.98984375 0.0375 0.0203125
10 0.23828125 0.940625 0.0328125 0.040625
10 0.79765625 0.940625 0.0328125 0.028125
0 0.528125 0.771875 0.125 0.109375
16 0.75 0.80546875 0.040625 0.0421875
10 0.5734375 0.79609375 0.025 0.0203125
14 0.278125 0.5265625 0.05 0.0625
11 0.95703125 0.521875 0.0609375 0.05625
9 0.5234375 0.48515625 0.103125 0.0296875
11 0.48125 0.3703125 0.05625 0.053125
0 0.440625 0.2328125 0.128125 0.13125
3 0.20546875 0.21171875 0.0578125 0.0921875
1 0.0296875 0.02890625 0.059375 0.0578125
2 0.00234375 0.91171875 0.0046875 0.0046875
3 0.5734375 0.625 0.05 0.071875
1 0.4953125 0.4953125 0.128125 0.171875
12 0.66796875 0.41484375 0.0421875 0.0453125
12 0.93203125 0.40078125 0.0515625 0.0421875
3 0.79921875 0.30078125 0.0671875 0.0953125
6 0.15078125 0.309375 0.1046875 0.04375
9 0.29140625 0.3015625 0.0546875 0.046875