14 0.71484375 0.0375 0.0671875 0.065625
4 0.203125 0.0578125 0.11875 0.115625
16 0.825 0.09765625 0.06875 0.0671875
13 0.14921875 0.1203125 0.0765625 0.071875
12 0.98828125 0.13671875 0.0234375 0.0640625
8 0.11796875 0.30234375 0.1296875 0.1265625
15 0.83203125 0.3890625 0.0921875 0.0875
5 0.74609375 0.5140625 0.1109375 0.075
10 0.58515625 0.56953125 0.0515625 0.0578125
11 0.8625 0.6171875 0.1 0.09375
6 0.0828125 0.6140625 0.165625 0.153125
4 0.3375 0.64609375 0.165625 0.1796875
5 0.003125 0.75390625 0.00625 0.0203125
8 0.70234375 0.7703125 0.1109375 0.140625
7 0.0234375 0.82890625 0.046875 0.0515625
9 0.11953125 0.771875 0.1140625 0.228125
3 0.26796875 0.8671875 0.1421875 0.165625
6 0.75546875 0.9484375 0.1453125 0.103125
3 0.18125 0.9671875 0.1375 0.065625