9 0.071875 0.0421875 0.003125 0.0125
8 0.47578125 0.02890625 0.1265625 0.0578125
1 0.25390625 0.12734375 0.3765625 0.2546875
2 0.303125 0.24609375 0.1375 0.0796875
8 0.975 0.27890625 0.05 0.1765625
0 0.709375 0.303125 0.203125 0.25
8 0.97109375 0.43046875 0.0578125 0.1671875
0 0.05859375 0.49453125 0.1171875 0.2359375
10 0.85546875 0.70390625 0.0609375 0.0765625
0 0.73515625 0.784375 0.1703125 0.240625
8 0.90859375 0.93828125 0.1734375 0.1234375
1 0.75078125 0.9515625 0.1546875 0.096875
11 0.3359375 0.9921875 0.059375 0.015625