7 0.96796875 0.028125 0.0640625 0.05625
8 0.16484375 0.0375 0.0890625 0.075
5 0.6390625 0.04140625 0.071875 0.0765625
15 0.30625 0.0796875 0.0625 0.065625
0 0.91640625 0.0671875 0.1546875 0.134375
14 0.425 0.153125 0.05625 0.059375
13 0.259375 0.18671875 0.053125 0.0546875
5 0.946875 0.1953125 0.053125 0.075
4 0.02421875 0.21015625 0.0484375 0.1203125
6 0.13125 0.27734375 0.1 0.0734375
16 0.06875 0.3546875 0.05 0.046875
8 0.396875 0.3484375 0.075 0.075
5 0.671875 0.39765625 0.075 0.0421875
10 0.61015625 0.46640625 0.0421875 0.0390625
9 0.51875 0.46015625 0.1375 0.0890625
5 0.0359375 0.53046875 0.071875 0.0734375
15 0.48046875 0.5546875 0.0609375 0.0625
8 0.33828125 0.709375 0.1046875 0.059375
1 0.65625 0.66640625 0.203125 0.2109375
1 0.9140625 0.753125 0.1 0.20625
5 0.18828125 0.89453125 0.0671875 0.0765625
1 0.703125 0.87109375 0.225 0.1546875
2 0.7140625 0.884375 0.134375 0.178125
0 0.41171875 0.97421875 0.1296875 0.0515625