11 0.1171875 0.0265625 0.096875 0.053125
0 0.97265625 0.04296875 0.0546875 0.0859375
4 0.6046875 0.0796875 0.09375 0.159375
0 0.4421875 0.19609375 0.18125 0.1203125
5 0.18203125 0.2921875 0.0734375 0.05625
4 0.58515625 0.38046875 0.1546875 0.1390625
2 0.26328125 0.34375 0.1484375 0.221875
3 0.48984375 0.45234375 0.0921875 0.1359375
11 0.39140625 0.4984375 0.0953125 0.096875
7 0.99609375 0.5640625 0.0078125 0.01875
15 0.3953125 0.6390625 0.08125 0.084375
4 0.675 0.5796875 0.109375 0.234375
0 0.0375 0.6984375 0.075 0.1875
2 0.85390625 0.72421875 0.1203125 0.1890625
13 0.93125 0.91015625 0.078125 0.0765625
1 0.928125 0.971875 0.1375 0.05625
2 0.33828125 0.94765625 0.2234375 0.1046875
1 0.09609375 0.90703125 0.1921875 0.1859375