4 0.70703125 0.00234375 0.0078125 0.0046875
1 0.796875 0.0078125 0.0375 0.015625
12 0.90703125 0.16484375 0.0671875 0.0640625
3 0.16875 0.28046875 0.0875 0.1421875
11 0.78359375 0.31484375 0.0859375 0.0890625
2 0.72578125 0.27265625 0.1859375 0.2234375
11 0.04296875 0.40859375 0.0859375 0.0953125
6 0.68046875 0.409375 0.1390625 0.1375
15 0.34609375 0.60625 0.0859375 0.084375
1 0.02421875 0.5734375 0.0484375 0.246875
2 0.88984375 0.61953125 0.2203125 0.2296875
9 0.60703125 0.72109375 0.1234375 0.1296875
6 0.9546875 0.753125 0.090625 0.128125
8 0.43359375 0.79296875 0.0796875 0.1171875