15 0.81640625 0.025 0.0484375 0.05
1 0.9453125 0.0328125 0.078125 0.065625
3 0.86953125 0.0390625 0.1109375 0.078125
9 0.9890625 0.05078125 0.021875 0.0828125
7 0.77890625 0.09609375 0.0796875 0.0921875
11 0.17890625 0.1078125 0.0734375 0.078125
14 0.59765625 0.16484375 0.0640625 0.0890625
3 0.990625 0.1921875 0.01875 0.09375
16 0.34765625 0.23125 0.0515625 0.05
4 0.94296875 0.18671875 0.0953125 0.1859375
3 0.01640625 0.27578125 0.0328125 0.1109375
0 0.3171875 0.3015625 0.1375 0.128125
0 0.95546875 0.3484375 0.0890625 0.140625
9 0.4265625 0.39375 0.078125 0.084375
15 0.603125 0.46875 0.065625 0.065625
1 0.809375 0.403125 0.175 0.20625
5 0.975 0.5890625 0.05 0.053125
13 0.484375 0.6078125 0.009375 0.03125
7 0.72734375 0.58125 0.0640625 0.090625
14 0.27578125 0.6609375 0.0609375 0.06875
4 0.13359375 0.6671875 0.1578125 0.1125
4 0.69609375 0.68828125 0.0984375 0.1703125
9 0.61640625 0.7296875 0.1640625 0.090625
12 0.7765625 0.80546875 0.05625 0.0484375
16 0.26640625 0.83984375 0.0515625 0.0515625
10 0.85703125 0.890625 0.0296875 0.0375
3 0.396875 0.88046875 0.090625 0.1171875
6 0.88203125 0.9859375 0.1015625 0.028125
13 0.1328125 0.971875 0.05625 0.05625