1 0.82734375 0.00234375 0.1359375 0.0046875
10 0.49140625 0.99921875 0.0109375 0.0015625
6 0.60625 0.9859375 0.05625 0.028125
1 0.96015625 0.96796875 0.0796875 0.0640625
12 0.2578125 0.965625 0.046875 0.05625
5 0.51953125 0.9125 0.0703125 0.071875
3 0.88359375 0.88359375 0.0796875 0.0734375
4 0.7203125 0.80078125 0.121875 0.1140625
1 0.059375 0.6890625 0.11875 0.1375
14 0.1296875 0.6921875 0.059375 0.05625
4 0.328125 0.64375 0.159375 0.08125
4 0.39375 0.590625 0.1125 0.11875
7 0.6875 0.59765625 0.071875 0.0796875
11 0.36484375 0.45625 0.0671875 0.065625
14 0.66796875 0.35625 0.0546875 0.084375
11 0.8171875 0.353125 0.06875 0.065625
1 0.58828125 0.26796875 0.1421875 0.1984375
13 0.6765625 0.271875 0.053125 0.053125
16 0.48984375 0.2671875 0.0453125 0.046875
0 0.3609375 0.16640625 0.140625 0.1234375
1 0.60859375 0.11796875 0.1484375 0.2046875
0 0.83046875 0.06484375 0.1515625 0.1171875
14 0.92421875 0.05234375 0.0484375 0.0609375
1 0.99375 0.946875 0.0125 0.046875
7 0.7828125 0.87578125 0.09375 0.0734375
4 0.28046875 0.8546875 0.0890625 0.10625
14 0.15625 0.85703125 0.059375 0.0609375
3 0.83984375 0.83671875 0.0609375 0.0953125
5 0.57421875 0.478125 0.0671875 0.075
4 0.9671875 0.46015625 0.065625 0.0984375
1 0.90859375 0.35234375 0.1828125 0.2109375
4 0.23984375 0.3109375 0.0890625 0.153125
3 0.846875 0.30859375 0.065625 0.0609375
16 0.38359375 0.26640625 0.0484375 0.0453125
4 0.696875 0.14140625 0.090625 0.1734375
12 0.38125 0.1203125 0.05 0.046875
6 0.99296875 0.0859375 0.0140625 0.034375