0 0.61328125 0.1453125 0.1234375 0.196875
9 0.2453125 0.24140625 0.109375 0.1828125
4 0.38828125 0.27890625 0.1453125 0.1359375
7 0.68515625 0.321875 0.0640625 0.103125
11 0.19140625 0.35859375 0.0390625 0.0515625
2 0.1 0.34140625 0.1875 0.1515625
12 0.54765625 0.4421875 0.0640625 0.06875
1 0.56640625 0.67109375 0.2265625 0.3015625
8 0.6625 0.83671875 0.140625 0.1421875
16 0.02734375 0.90546875 0.0546875 0.0640625
1 0.85546875 0.9265625 0.2515625 0.146875
7 0.68125 0.95078125 0.1 0.0984375
0 0.4796875 0.96015625 0.1125 0.0796875
14 0.278125 0.98203125 0.075 0.0359375
1 0.078125 0.946875 0.15625 0.10625
3 0.021875 0.9703125 0.04375 0.059375