1 0.3671875 0.00234375 0.0125 0.0046875
4 0.28046875 0.0171875 0.0859375 0.034375
15 0.009375 0.2015625 0.01875 0.071875
7 0.9046875 0.1828125 0.059375 0.1375
10 0.4421875 0.29453125 0.0625 0.0578125
6 0.28984375 0.2609375 0.1171875 0.159375
5 0.059375 0.29921875 0.11875 0.1171875
2 0.015625 0.41796875 0.03125 0.0578125
5 0.96328125 0.55546875 0.0734375 0.0484375
9 0.74765625 0.63359375 0.2140625 0.1265625
16 0.64375 0.75390625 0.071875 0.0734375
3 0.16640625 0.7328125 0.1140625 0.16875
10 0.66328125 0.9921875 0.0515625 0.015625