16 0.8109375 0.95390625 0.046875 0.0515625
10 0.34375 0.9203125 0.015625 0.040625
13 0.22578125 0.78515625 0.0546875 0.0515625
8 0.3234375 0.721875 0.103125 0.065625
13 0.4890625 0.715625 0.053125 0.053125
1 0.73515625 0.525 0.2296875 0.228125
16 0.1203125 0.6125 0.05 0.046875
11 0.4765625 0.49921875 0.06875 0.0703125
0 0.9515625 0.18984375 0.096875 0.1296875
5 0.03125 0.215625 0.0625 0.075
0 0.28984375 0.1515625 0.0984375 0.159375
14 0.8890625 0.19375 0.071875 0.075
10 0.05546875 0.0078125 0.0328125 0.015625
4 0.0765625 0.88046875 0.046875 0.0609375
11 0.80078125 0.7734375 0.0671875 0.06875
2 0.55078125 0.696875 0.1390625 0.11875
4 0.01015625 0.6875 0.0203125 0.034375
1 0.35078125 0.409375 0.1984375 0.146875
7 0.4671875 0.1609375 0.08125 0.0375
9 0.89609375 0.07265625 0.0828125 0.0515625