9 0.64453125 0.084375 0.1015625 0.121875
0 0.41328125 0.07421875 0.1390625 0.1484375
3 0.21875 0.0875 0.103125 0.175
10 0.52734375 0.18828125 0.0671875 0.0640625
13 0.98125 0.18046875 0.0375 0.0828125
3 0.0015625 0.26171875 0.003125 0.0171875
9 0.28359375 0.23828125 0.1859375 0.1265625
6 0.79765625 0.2953125 0.1359375 0.115625
14 0.2328125 0.3421875 0.13125 0.1
3 0.665625 0.38359375 0.103125 0.0890625
8 0.41796875 0.434375 0.1265625 0.125
1 0.1015625 0.52109375 0.203125 0.1890625
2 0.859375 0.690625 0.240625 0.128125
0 0.02890625 0.68359375 0.0578125 0.1640625
8 0.31171875 0.734375 0.1359375 0.128125
7 0.590625 0.98203125 0.0375 0.0359375
9 0.31953125 0.95859375 0.2578125 0.0828125