9 0.18203125 0.02421875 0.1609375 0.0484375
8 0.2703125 0.0625 0.1125 0.125
0 0.65859375 0.0734375 0.1171875 0.146875
12 0.96796875 0.1984375 0.0640625 0.0625
15 0.76015625 0.20703125 0.0828125 0.0828125
1 0.1109375 0.16953125 0.196875 0.2296875
11 0.34765625 0.34453125 0.0859375 0.0921875
9 0.83828125 0.35390625 0.1984375 0.1078125
8 0.29140625 0.39453125 0.1140625 0.1140625
9 0.16796875 0.48203125 0.1328125 0.0734375
9 0.440625 0.4890625 0.153125 0.125
7 0.17421875 0.59453125 0.0921875 0.0984375
4 0.7453125 0.57265625 0.153125 0.1453125
4 0.50625 0.64921875 0.109375 0.1796875
14 0.10546875 0.73046875 0.1140625 0.0734375
6 0.771875 0.71015625 0.0375 0.1203125
15 0.02109375 0.73984375 0.0421875 0.0828125
12 0.8203125 0.83046875 0.03125 0.0140625
5 0.4203125 0.88984375 0.09375 0.1015625
4 0.68984375 0.8515625 0.1171875 0.190625
14 0.3515625 0.9453125 0.0875 0.078125
2 0.86796875 0.934375 0.0859375 0.13125
9 0.515625 0.94921875 0.13125 0.1015625
9 0.4578125 0.9828125 0.071875 0.034375
8 0.11484375 0.9921875 0.0421875 0.015625
4 0.01796875 0.940625 0.0359375 0.11875