2 0.13984375 0.01796875 0.0734375 0.0359375
2 0.265625 0.0484375 0.103125 0.096875
5 0.01328125 0.06875 0.0265625 0.059375
11 0.6546875 0.1765625 0.071875 0.075
14 0.54375 0.20546875 0.0625 0.0640625
4 0.0578125 0.20390625 0.115625 0.1140625
3 0.85859375 0.28828125 0.1203125 0.1171875
14 0.4984375 0.31953125 0.03125 0.0578125
7 0.2671875 0.33671875 0.09375 0.1015625
6 0.95546875 0.4484375 0.0890625 0.084375
10 0.2515625 0.53828125 0.040625 0.0453125
10 0.603125 0.54453125 0.04375 0.0453125
5 0.3453125 0.53671875 0.084375 0.0703125
1 0.93046875 0.528125 0.1390625 0.2375
12 0.37734375 0.63359375 0.0609375 0.0515625
8 0.87109375 0.69453125 0.0984375 0.0859375
2 0.76328125 0.703125 0.1890625 0.18125
5 0.66640625 0.82578125 0.0796875 0.0546875
1 0.20625 0.82578125 0.109375 0.2578125