13 0.3609375 0.0703125 0.05 0.053125
9 0.4984375 0.1078125 0.10625 0.059375
11 0.07890625 0.9421875 0.0703125 0.06875
15 0.83515625 0.84375 0.0640625 0.0625
1 0.496875 0.74296875 0.21875 0.1734375
0 0.93125 0.73515625 0.1375 0.1390625
9 0.90546875 0.61640625 0.1328125 0.0328125
7 0.33515625 0.609375 0.0828125 0.028125
8 0.63359375 0.5734375 0.0765625 0.08125
11 0.6390625 0.5 0.065625 0.06875
8 0.0625 0.50234375 0.078125 0.0578125
2 0.01328125 0.49453125 0.0265625 0.0484375
6 0.4203125 0.34296875 0.115625 0.0546875
10 0.590625 0.15625 0.034375 0.040625
8 0.42578125 0.103125 0.0859375 0.090625
2 0.3234375 0.025 0.084375 0.05
2 0.61640625 0.03125 0.0890625 0.0625
12 0.103125 0.08515625 0.05 0.0515625
2 0.76015625 0.1015625 0.1578125 0.084375
12 0.98515625 0.91875 0.0296875 0.05
3 0.46796875 0.80703125 0.0265625 0.0234375
2 0.0140625 0.7203125 0.028125 0.11875
14 0.125 0.63203125 0.071875 0.0671875
7 0.43046875 0.61328125 0.0859375 0.0921875
15 0.81953125 0.575 0.0640625 0.059375
5 0.796875 0.32734375 0.071875 0.0671875
3 0.071875 0.30859375 0.071875 0.0890625
9 0.31953125 0.2890625 0.1046875 0.084375
9 0.121875 0.13515625 0.153125 0.1015625
2 0.878125 0.0828125 0.075 0.165625