16 0.4546875 0.04140625 0.05625 0.0578125
12 0.91015625 0.1 0.0546875 0.05625
0 0.8296875 0.084375 0.109375 0.16875
9 0.52109375 0.3015625 0.1640625 0.0625
15 0.7296875 0.296875 0.078125 0.078125
6 0.60234375 0.35078125 0.1140625 0.0765625
13 0.76015625 0.37734375 0.0671875 0.0609375
4 0.415625 0.36875 0.115625 0.0875
7 0.00703125 0.41484375 0.0140625 0.0296875
8 0.54140625 0.509375 0.0703125 0.128125
2 0.8875 0.49765625 0.1 0.1640625
3 0.265625 0.55625 0.128125 0.09375
7 0.746875 0.66953125 0.103125 0.0609375
2 0.43828125 0.6125 0.0984375 0.18125
16 0.7375 0.76875 0.05625 0.05625
14 0.93046875 0.846875 0.0734375 0.090625
7 0.79921875 0.84453125 0.0765625 0.1109375
9 0.93515625 0.99140625 0.0515625 0.0171875
9 0.7625 0.99453125 0.03125 0.0109375
7 0.61953125 0.96328125 0.1109375 0.0734375
3 0.50625 0.98359375 0.08125 0.0328125