1 0.10859375 0.0015625 0.0046875 0.003125
2 0.075 0.01953125 0.053125 0.0390625
10 0.80703125 0.025 0.0359375 0.0375
9 0.1703125 0.03203125 0.115625 0.0640625
1 0.4953125 0.0578125 0.171875 0.115625
3 0.7515625 0.2421875 0.059375 0.0875
13 0.13828125 0.2828125 0.0453125 0.046875
2 0.1703125 0.234375 0.128125 0.146875
11 0.25 0.97265625 0.059375 0.0546875
13 0.5328125 0.96015625 0.04375 0.0484375
11 0.01328125 0.903125 0.0265625 0.0625
16 0.83984375 0.77109375 0.0390625 0.0421875
0 0.0171875 0.721875 0.034375 0.13125
1 0.4984375 0.69921875 0.1875 0.1109375
11 0.878125 0.68828125 0.059375 0.0546875
7 0.1015625 0.5828125 0.0875 0.053125
6 0.696875 0.58359375 0.1 0.0515625
14 0.56953125 0.39921875 0.0546875 0.0671875
3 0.35390625 0.3875 0.0609375 0.08125
4 0.3390625 0.25703125 0.071875 0.1453125
11 0.97109375 0.0234375 0.0578125 0.046875
7 0.30234375 0.028125 0.0359375 0.04375
11 0.03828125 0.115625 0.0609375 0.053125
12 0.6125 0.2015625 0.034375 0.046875
2 0.040625 0.19765625 0.08125 0.1390625
2 0.36640625 0.26875 0.0421875 0.071875
14 0.2984375 0.978125 0.053125 0.04375
1 0.640625 0.86484375 0.1625 0.1359375
3 0.41640625 0.8640625 0.0546875 0.0875
13 0.84375 0.8796875 0.046875 0.046875
16 0.17265625 0.87890625 0.0421875 0.0421875
12 0.73984375 0.82421875 0.0421875 0.0453125
7 0.99609375 0.71328125 0.0078125 0.0171875
9 0.47265625 0.67890625 0.1328125 0.0671875
4 0.9671875 0.59765625 0.065625 0.1015625
6 0.3671875 0.49609375 0.08125 0.0703125
15 0.44296875 0.45234375 0.0546875 0.0546875