9 0.01875 0.01640625 0.0375 0.0328125
8 0.171875 0.07109375 0.134375 0.1421875
12 0.9765625 0.10390625 0.046875 0.0859375
11 0.765625 0.14921875 0.1125 0.1109375
0 0.3359375 0.18203125 0.209375 0.1921875
16 0.83828125 0.3 0.0796875 0.075
8 0.14453125 0.33125 0.1765625 0.153125
2 0.05078125 0.37890625 0.1015625 0.1765625
15 0.7453125 0.46796875 0.096875 0.0953125
1 0.453125 0.49453125 0.2 0.3140625
9 0.1 0.62890625 0.2 0.0953125
1 0.0703125 0.56640625 0.140625 0.2359375
10 0.4953125 0.7109375 0.0625 0.065625
0 0.80234375 0.83984375 0.0234375 0.0078125
12 0.3703125 0.909375 0.065625 0.08125
8 0.453125 0.925 0.165625 0.15
2 0.05078125 0.89140625 0.1015625 0.2171875