6 0.078125 0.021875 0.103125 0.04375
3 0.44453125 0.07109375 0.1296875 0.1171875
6 0.8109375 0.19765625 0.153125 0.1328125
15 0.5421875 0.36875 0.08125 0.08125
9 0.63515625 0.40859375 0.1796875 0.0515625
6 0.73984375 0.42265625 0.0921875 0.1421875
10 0.0484375 0.50390625 0.05625 0.0453125
2 0.89296875 0.4828125 0.1828125 0.11875
15 0.60234375 0.51171875 0.0796875 0.0796875
8 0.35703125 0.5265625 0.1078125 0.121875
7 0.43515625 0.59453125 0.0734375 0.1015625
11 0.38046875 0.6640625 0.0859375 0.090625
2 0.81328125 0.64765625 0.0640625 0.1984375
5 0.0375 0.73125 0.075 0.059375
15 0.284375 0.75078125 0.078125 0.0703125
0 0.0125 0.865625 0.025 0.096875
7 0.94453125 0.86171875 0.1109375 0.1078125
4 0.78828125 0.9546875 0.1015625 0.090625