4 0.0078125 0.0015625 0.015625 0.003125
6 0.97109375 0.0453125 0.0578125 0.090625
11 0.31328125 0.11328125 0.0828125 0.0671875
6 0.6359375 0.11484375 0.13125 0.0890625
10 0.01171875 0.16484375 0.0234375 0.0484375
16 0.828125 0.27421875 0.059375 0.0578125
1 0.0984375 0.3296875 0.196875 0.215625
8 0.740625 0.421875 0.1125 0.121875
9 0.95390625 0.67578125 0.0921875 0.1140625
5 0.45078125 0.69609375 0.0890625 0.0734375
8 0.26328125 0.67109375 0.1203125 0.1265625
4 0.98203125 0.74140625 0.0359375 0.0703125
5 0.59296875 0.89140625 0.0265625 0.0203125
4 0.31796875 0.92734375 0.1109375 0.0734375
12 0.07421875 0.9359375 0.0671875 0.059375
7 0.43515625 0.925 0.0640625 0.09375
1 0.64921875 0.96484375 0.1453125 0.0703125
1 0.265625 0.9625 0.1125 0.075