11 0.02109375 0.0640625 0.0421875 0.04375
12 0.8296875 0.059375 0.0625 0.0625
4 0.07578125 0.0578125 0.1515625 0.115625
16 0.60859375 0.17578125 0.0546875 0.0578125
2 0.4875 0.18671875 0.178125 0.1359375
1 0.440625 0.2625 0.265625 0.278125
9 0.76171875 0.3234375 0.1140625 0.175
13 0.29765625 0.46796875 0.0609375 0.0640625
12 0.46953125 0.49296875 0.0703125 0.0546875
13 0.11328125 0.57109375 0.0265625 0.0296875
14 0.45 0.59921875 0.06875 0.0859375
6 0.68359375 0.62265625 0.1140625 0.0859375
4 0.63984375 0.63203125 0.1703125 0.1640625
11 0.29609375 0.67734375 0.0859375 0.0796875
14 0.00625 0.725 0.0125 0.05
15 0.23203125 0.72890625 0.0765625 0.0765625
11 0.70859375 0.82890625 0.0765625 0.0828125
6 0.3640625 0.89453125 0.115625 0.0484375
0 0.8203125 0.86875 0.109375 0.159375
8 0.971875 0.975 0.05625 0.05
13 0.86875 0.971875 0.065625 0.05625
1 0.3640625 0.928125 0.246875 0.14375