9 0.11875 0.0265625 0.040625 0.053125
15 0.27734375 0.23515625 0.0703125 0.0734375
16 0.76171875 0.290625 0.0546875 0.053125
3 0.5390625 0.290625 0.115625 0.11875
13 0.11171875 0.37109375 0.0609375 0.0578125
6 0.36875 0.41640625 0.11875 0.0890625
7 0.83828125 0.4265625 0.1046875 0.075
11 0.7109375 0.45234375 0.071875 0.0765625
6 0.97578125 0.4546875 0.0484375 0.090625
2 0.2546875 0.4234375 0.10625 0.18125
6 0.7921875 0.53828125 0.13125 0.1265625
14 0.7828125 0.6703125 0.103125 0.065625
8 0.51875 0.709375 0.109375 0.10625
6 0.6328125 0.7078125 0.0625 0.115625
4 0.2765625 0.73984375 0.06875 0.1796875
13 0.640625 0.8171875 0.05625 0.053125
4 0.46328125 0.77421875 0.1546875 0.1734375
7 0.43046875 0.834375 0.0671875 0.084375
8 0.6609375 0.8640625 0.103125 0.096875
10 0.02109375 0.9734375 0.0421875 0.05
1 0.60625 0.915625 0.25 0.16875
5 0.2578125 0.98828125 0.01875 0.0234375
8 0.20234375 0.9765625 0.0984375 0.046875
12 0.1390625 0.996875 0.028125 0.00625