9 0.990625 0.0109375 0.01875 0.021875
10 0.3796875 0.04609375 0.053125 0.0546875
16 0.6234375 0.21875 0.065625 0.06875
0 0.96796875 0.2265625 0.0640625 0.121875
13 0.75703125 0.278125 0.0703125 0.071875
9 0.62421875 0.3265625 0.2046875 0.1
3 0.959375 0.4734375 0.08125 0.096875
9 0.9578125 0.5796875 0.05 0.05625
16 0.68203125 0.57734375 0.0640625 0.0640625
1 0.4609375 0.48828125 0.159375 0.2640625
14 0.28671875 0.62578125 0.0765625 0.0921875
1 0.10625 0.56796875 0.2125 0.2703125
1 0.86796875 0.5984375 0.2515625 0.2375
7 0.90625 0.71484375 0.0625 0.1171875
7 0.1953125 0.7875 0.128125 0.1
15 0.69609375 0.79609375 0.0828125 0.0859375
12 0.9140625 0.87421875 0.053125 0.0515625
15 0.325 0.91796875 0.0875 0.0921875