1 0.934375 0.05546875 0.13125 0.1109375
1 0.67890625 0.09765625 0.1421875 0.1953125
4 0.465625 0.17421875 0.140625 0.1796875
11 0.99375 0.2390625 0.0125 0.059375
11 0.16328125 0.265625 0.0828125 0.078125
16 0.296875 0.34296875 0.034375 0.0203125
10 0.91796875 0.4359375 0.0484375 0.046875
2 0.996875 0.5078125 0.00625 0.025
4 0.53359375 0.47421875 0.1328125 0.0953125
4 0.34296875 0.46015625 0.1328125 0.1453125
1 0.4953125 0.59140625 0.203125 0.2484375
2 0.90546875 0.64375 0.0984375 0.184375
6 0.03359375 0.66953125 0.0671875 0.1390625
11 0.09296875 0.72109375 0.0828125 0.0828125
12 0.9890625 0.79921875 0.021875 0.0578125
2 0.6875 0.8015625 0.128125 0.103125
16 0.625 0.8765625 0.05625 0.05625
11 0.2109375 0.86796875 0.065625 0.0734375
12 0.9703125 0.90546875 0.059375 0.0578125
8 0.415625 0.95234375 0.125 0.0953125