1 0.73125 0.01328125 0.134375 0.0265625
5 0.5015625 0.04140625 0.075 0.0828125
4 0.05625 0.0421875 0.109375 0.084375
13 0.0203125 0.07109375 0.040625 0.0421875
14 0.97265625 0.065625 0.0546875 0.08125
13 0.05546875 0.115625 0.0640625 0.059375
9 0.99140625 0.18359375 0.0171875 0.0890625
13 0.68828125 0.315625 0.0609375 0.05625
0 0.83203125 0.3453125 0.1484375 0.109375
10 0.4734375 0.396875 0.05 0.04375
11 0.4265625 0.64375 0.040625 0.04375
14 0.03515625 0.63515625 0.0703125 0.0734375
9 0.9 0.625 0.059375 0.1
5 0.95625 0.77265625 0.0875 0.0515625
3 0.7796875 0.80390625 0.103125 0.0828125
2 0.4515625 0.7640625 0.15625 0.16875
8 0.71171875 0.834375 0.1171875 0.115625
8 0.80859375 0.871875 0.0796875 0.071875
10 0.1328125 0.90078125 0.04375 0.0453125
8 0.009375 0.91015625 0.01875 0.0421875
11 0.38828125 0.91484375 0.0765625 0.0796875
4 0.975 0.975 0.05 0.05