3 0.06484375 0.08359375 0.0984375 0.1390625
9 0.6578125 0.1640625 0.18125 0.053125
10 0.88046875 0.1953125 0.0390625 0.040625
0 0.46484375 0.14921875 0.1046875 0.1484375
6 0.76171875 0.23671875 0.1203125 0.1296875
1 0.91953125 0.221875 0.1609375 0.26875
4 0.97265625 0.334375 0.0546875 0.1125
4 0.759375 0.409375 0.09375 0.203125
16 0.121875 0.5375 0.05625 0.05625
2 0.95390625 0.496875 0.0921875 0.18125
10 0.8734375 0.59453125 0.05 0.0453125
16 0.02578125 0.61015625 0.0515625 0.0546875
14 0.221875 0.76171875 0.059375 0.0546875
15 0.21796875 0.81328125 0.0671875 0.0609375
1 0.9359375 0.75 0.128125 0.225
6 0.159375 0.8046875 0.10625 0.121875
4 0.99140625 0.89453125 0.0171875 0.0359375
16 0.27734375 0.9296875 0.0578125 0.0625
2 0.98359375 0.95625 0.0328125 0.0875
13 0.96484375 0.97578125 0.0390625 0.0484375
5 0.03671875 0.97734375 0.0734375 0.0453125