11 0.2078125 0.040625 0.0125 0.009375
8 0.4640625 0.03203125 0.075 0.0640625
1 0.13203125 0.04921875 0.2359375 0.0984375
8 0.98046875 0.08671875 0.0390625 0.0609375
6 0.89765625 0.07109375 0.1390625 0.0921875
16 0.00390625 0.1296875 0.0078125 0.034375
16 0.975 0.28359375 0.0375 0.0234375
13 0.8578125 0.275 0.059375 0.059375
9 0.6234375 0.3015625 0.0875 0.05
11 0.72421875 0.3875 0.0765625 0.075
13 0.625 0.39765625 0.053125 0.0578125
1 0.2171875 0.35078125 0.178125 0.2109375
5 0.7125 0.4796875 0.05 0.08125
13 0.46953125 0.6625 0.0578125 0.05625
8 0.59140625 0.7140625 0.1203125 0.121875
7 0.440625 0.83515625 0.0625 0.1015625
3 0.26484375 0.88828125 0.1234375 0.1171875
5 0.86171875 0.9828125 0.0828125 0.034375
10 0.71953125 0.99609375 0.0296875 0.0078125
11 0.62734375 0.9703125 0.0734375 0.059375
7 0.190625 0.97421875 0.071875 0.0515625
2 0.0328125 0.96171875 0.065625 0.0765625