7 0.571875 0.0359375 0.06875 0.071875
5 0.0203125 0.996875 0.015625 0.00625
15 0.059375 0.984375 0.0625 0.03125
1 0.23515625 0.9453125 0.1734375 0.109375
8 0.4 0.95703125 0.075 0.0859375
14 0.653125 0.96640625 0.05625 0.0578125
8 0.778125 0.88671875 0.078125 0.1046875
6 0.9328125 0.88203125 0.11875 0.0796875
7 0.11484375 0.7859375 0.0671875 0.084375
4 0.3765625 0.6890625 0.0625 0.153125
6 0.47265625 0.61328125 0.0953125 0.0890625
15 0.00390625 0.51875 0.0078125 0.025
14 0.6921875 0.475 0.059375 0.053125
15 0.25625 0.4515625 0.059375 0.05625
13 0.9875 0.30546875 0.025 0.0484375
13 0.5265625 0.2640625 0.04375 0.046875
5 0.19609375 0.23046875 0.0734375 0.0640625
5 0.86640625 0.215625 0.0734375 0.034375
3 0.15234375 0.01796875 0.0515625 0.0359375
4 0.14296875 0.04453125 0.1171875 0.0796875
16 0.70625 0.98984375 0.04375 0.0203125
9 0.153125 0.52578125 0.11875 0.1171875
14 0.4390625 0.43984375 0.053125 0.0671875
5 0.91171875 0.41484375 0.0734375 0.0703125
13 0.9890625 0.42109375 0.021875 0.0453125
7 0.2359375 0.353125 0.08125 0.078125
2 0.57578125 0.271875 0.1234375 0.09375
1 0.96640625 0.1375 0.0671875 0.228125