1 0.49140625 0.028125 0.0546875 0.05625
3 0.98515625 0.13671875 0.0296875 0.0078125
10 0.4765625 0.1171875 0.04375 0.05625
8 0.57734375 0.08125 0.0984375 0.140625
9 0.74765625 0.11484375 0.1546875 0.1578125
0 0.17265625 0.159375 0.2046875 0.159375
5 0.1078125 0.33671875 0.09375 0.1015625
0 0.2890625 0.30859375 0.128125 0.2015625
8 0.10859375 0.53984375 0.1140625 0.1484375
1 0.83671875 0.57578125 0.3078125 0.1734375
12 0.79296875 0.6671875 0.0453125 0.009375
9 0.6109375 0.8125 0.221875 0.109375
0 0.240625 0.846875 0.2125 0.165625
6 0.3625 0.94296875 0.16875 0.1140625