9 0.384375 0.02109375 0.04375 0.0421875
7 0.35546875 0.0578125 0.1015625 0.115625
7 0.68671875 0.10390625 0.0984375 0.0484375
6 0.95625 0.10859375 0.0875 0.0671875
1 0.01015625 0.159375 0.0203125 0.084375
15 0.040625 0.240625 0.075 0.071875
2 0.29296875 0.26796875 0.1921875 0.1078125
10 0.57421875 0.36015625 0.0421875 0.0421875
16 0.39375 0.375 0.021875 0.021875
9 0.8046875 0.4578125 0.11875 0.1375
6 0.3234375 0.56640625 0.115625 0.0546875
11 0.5046875 0.61640625 0.071875 0.0703125
1 0.03203125 0.59609375 0.0640625 0.2109375
13 0.628125 0.69765625 0.059375 0.0578125
5 0.37578125 0.70390625 0.0828125 0.0734375
12 0.03046875 0.76640625 0.0296875 0.0515625
12 0.2078125 0.79453125 0.059375 0.0578125
13 0.91796875 0.85078125 0.0640625 0.0578125
12 0.778125 0.8890625 0.0625 0.053125
2 0.040625 0.91328125 0.08125 0.1015625
9 0.4921875 0.9375 0.125 0.125