15 0.48828125 0.02109375 0.0546875 0.0421875
16 0.97890625 0.0453125 0.0421875 0.046875
10 0.7671875 0.05234375 0.0375 0.0421875
0 0.996875 0.071875 0.00625 0.021875
16 0.0125 0.98984375 0.025 0.0203125
14 0.9859375 0.81328125 0.028125 0.0515625
12 0.8484375 0.815625 0.046875 0.04375
1 0.103125 0.72421875 0.20625 0.1953125
6 0.31796875 0.6640625 0.0734375 0.103125
5 0.4078125 0.65078125 0.05625 0.0640625
13 0.24453125 0.5546875 0.0484375 0.05
1 0.815625 0.47109375 0.115625 0.1515625
8 0.02265625 0.43359375 0.0453125 0.0296875
0 0.03828125 0.35859375 0.0765625 0.1390625
2 0.1 0.35234375 0.08125 0.1453125
7 0.98828125 0.3078125 0.0234375 0.05
9 0.91953125 0.21171875 0.0578125 0.1140625
13 0.58984375 0.1453125 0.0484375 0.05
4 0.52734375 0.059375 0.0796875 0.11875
11 0.56796875 0.0625 0.0609375 0.065625
6 0.5140625 0.9875 0.04375 0.025
12 0.60859375 0.99375 0.0359375 0.0125
1 0.71953125 0.99609375 0.0859375 0.0078125
16 0.24375 0.95390625 0.04375 0.0453125
5 0.12734375 0.7953125 0.0671875 0.05
11 0.84375 0.70625 0.06875 0.065625
3 0.1609375 0.6828125 0.0875 0.096875
8 0.559375 0.62578125 0.0875 0.0765625
2 0.4171875 0.55390625 0.053125 0.1453125
2 0.67265625 0.45625 0.0734375 0.1375
15 0.84453125 0.42578125 0.0640625 0.0578125
7 0.1984375 0.3015625 0.08125 0.028125
4 0.7296875 0.178125 0.103125 0.128125