11 0.80078125 0.06015625 0.0609375 0.0609375
7 0.13203125 0.91640625 0.0953125 0.0984375
10 0.196875 0.89921875 0.0375 0.0265625
0 0.246875 0.8453125 0.15 0.10625
5 0.5296875 0.86640625 0.075 0.0421875
13 0.44375 0.85703125 0.05 0.0515625
15 0.6546875 0.8375 0.0625 0.065625
11 0.1796875 0.79453125 0.071875 0.0703125
0 0.9734375 0.69765625 0.053125 0.0984375
1 0.15390625 0.63046875 0.2296875 0.1796875
1 0.1140625 0.534375 0.153125 0.203125
14 0.28203125 0.5984375 0.0578125 0.05625
11 0.2984375 0.35 0.06875 0.065625
0 0.54609375 0.30703125 0.0859375 0.1296875
14 0.94765625 0.3453125 0.0890625 0.046875
16 0.44453125 0.271875 0.0453125 0.046875
10 0.05859375 0.25546875 0.0390625 0.0390625
16 0.9453125 0.196875 0.05 0.046875
1 0.62109375 0.10859375 0.1578125 0.2140625
0 0.125 0.08828125 0.128125 0.1421875
16 0.6984375 0.1046875 0.046875 0.05
9 0.1078125 0.00703125 0.065625 0.0140625
6 0.44296875 0.034375 0.1046875 0.06875
16 0.709375 0.98203125 0.046875 0.0359375
9 0.79453125 0.80078125 0.0921875 0.1453125
9 0.5265625 0.77578125 0.128125 0.0578125
14 0.70078125 0.6875 0.0578125 0.078125
7 0.58125 0.6890625 0.09375 0.05
3 0.9921875 0.54375 0.015625 0.0625
13 0.18046875 0.55234375 0.0015625 0.0015625
16 0.02109375 0.43515625 0.0421875 0.0484375
14 0.3171875 0.1265625 0.08125 0.0625