11 0.75390625 0.021875 0.0484375 0.04375
10 0.83828125 0.0984375 0.0359375 0.0375
0 0.48984375 0.109375 0.0828125 0.134375
10 0.93125 0.203125 0.0375 0.04375
10 0.66875 0.99453125 0.03125 0.0109375
15 0.75625 0.96015625 0.05625 0.0609375
16 0.4421875 0.96328125 0.04375 0.0453125
1 0.06171875 0.88203125 0.0890625 0.2015625
14 0.01171875 0.90859375 0.0234375 0.0546875
16 0.7390625 0.83671875 0.04375 0.0421875
3 0.4578125 0.53203125 0.059375 0.0859375
3 0.91484375 0.51328125 0.0984375 0.0640625
1 0.97109375 0.3921875 0.0578125 0.175
4 0.07421875 0.36328125 0.0609375 0.1484375
4 0.50703125 0.353125 0.0921875 0.1
0 0.40625 0.2578125 0.075 0.103125
3 0.740625 0.2390625 0.090625 0.084375
11 0.7953125 0.00859375 0.040625 0.0171875
5 0.32421875 0.1296875 0.0703125 0.071875
2 0.98125 0.9453125 0.0375 0.109375
4 0.9140625 0.94296875 0.08125 0.0921875
11 0.1125 0.840625 0.05625 0.0625
7 0.98828125 0.8296875 0.0234375 0.059375
12 0.37890625 0.60234375 0.0140625 0.0390625
9 0.66875 0.41015625 0.140625 0.0515625
6 0.77890625 0.3640625 0.0546875 0.109375
11 0.16796875 0.2625 0.0390625 0.053125