4 0.50390625 0.01796875 0.0671875 0.0359375
6 0.83515625 0.0546875 0.1328125 0.09375
12 0.92109375 0.1421875 0.0515625 0.05
6 0.4953125 0.17109375 0.071875 0.1140625
15 0.41953125 0.19921875 0.0671875 0.0703125
10 0.7671875 0.22109375 0.04375 0.0390625
0 0.75859375 0.1734375 0.1390625 0.146875
10 0.6546875 0.234375 0.040625 0.04375
6 0.984375 0.26015625 0.03125 0.0796875
9 0.9203125 0.2796875 0.159375 0.053125
12 0.7640625 0.334375 0.053125 0.05
3 0.5625 0.35703125 0.109375 0.0796875
7 0.84921875 0.43515625 0.0546875 0.0765625
10 0.45859375 0.453125 0.0421875 0.04375
12 0.73984375 0.4765625 0.0421875 0.05
9 0.98046875 0.59921875 0.0390625 0.0890625
13 0.4234375 0.6265625 0.05625 0.053125
2 0.0484375 0.6546875 0.096875 0.146875
8 0.959375 0.7875 0.08125 0.084375
0 0.04140625 0.78359375 0.0828125 0.1328125
10 0.21484375 0.84296875 0.0421875 0.0421875
13 0.35390625 0.90625 0.0578125 0.059375
5 0.9421875 0.97421875 0.08125 0.0515625
4 0.034375 0.9765625 0.06875 0.046875