7 0.12734375 0.01015625 0.0390625 0.0203125
2 0.1671875 0.02734375 0.071875 0.0546875
14 0.26640625 0.10390625 0.0765625 0.0703125
12 0.16953125 0.246875 0.0578125 0.05625
14 0.46171875 0.27890625 0.0703125 0.0546875
6 0.83359375 0.2859375 0.0921875 0.065625
1 0.96875 0.234375 0.0625 0.184375
2 0.92265625 0.3125 0.1484375 0.1125
10 0.25546875 0.359375 0.0453125 0.04375
5 0.3734375 0.40546875 0.084375 0.0796875
2 0.67890625 0.40625 0.1671875 0.103125
9 0.0359375 0.5078125 0.071875 0.04375
12 0.79609375 0.5796875 0.0546875 0.05
16 0.390625 0.60703125 0.053125 0.0515625
14 0.3609375 0.72890625 0.0625 0.0953125
7 0.48203125 0.74921875 0.0890625 0.0765625
11 0.98828125 0.7875 0.0234375 0.06875
16 0.19765625 0.83515625 0.0546875 0.0546875
16 0.88984375 0.84921875 0.0546875 0.0484375
3 0.03515625 0.88828125 0.0703125 0.1265625
0 0.88984375 0.915625 0.1671875 0.11875
0 0.05234375 0.89609375 0.1046875 0.1703125
4 0.85546875 0.9859375 0.0609375 0.028125
7 0.59921875 0.99375 0.0515625 0.0125