11 0.93046875 0.096875 0.1140625 0.10625
10 0.15703125 0.16484375 0.0703125 0.0609375
14 0.24765625 0.16484375 0.0828125 0.0859375
6 0.496875 0.23828125 0.15625 0.0734375
12 0.32578125 0.2359375 0.0734375 0.078125
13 0.16015625 0.365625 0.0796875 0.075
2 0.82421875 0.33203125 0.2359375 0.1765625
5 0.5171875 0.38125 0.109375 0.10625
4 0.47421875 0.56796875 0.2078125 0.1765625
11 0.45703125 0.6578125 0.0984375 0.096875
11 0.90390625 0.809375 0.0984375 0.096875
3 0.03984375 0.89453125 0.0234375 0.0390625
9 0.753125 0.95546875 0.084375 0.0703125
2 0.97421875 0.96875 0.0515625 0.0625
1 0.1203125 0.92421875 0.240625 0.1515625