4 0.9015625 0.01875 0.125 0.0375
5 0.57421875 0.1515625 0.0953125 0.1
8 0.9703125 0.22265625 0.059375 0.1328125
14 0.065625 0.27109375 0.075 0.1015625
13 0.15390625 0.3515625 0.0671875 0.0625
9 0.96328125 0.38671875 0.0734375 0.0390625
16 0.6234375 0.3859375 0.059375 0.05625
7 0.7515625 0.3953125 0.046875 0.11875
10 0.7453125 0.484375 0.046875 0.046875
5 0.00546875 0.59296875 0.0109375 0.0359375
0 0.47265625 0.5453125 0.1296875 0.153125
14 0.68828125 0.62265625 0.0734375 0.0703125
12 0.81171875 0.64140625 0.0734375 0.0546875
11 0.10078125 0.628125 0.0828125 0.0875
14 0.8984375 0.678125 0.08125 0.071875
11 0.39765625 0.67890625 0.0828125 0.0828125
11 0.16796875 0.746875 0.0734375 0.053125
3 0.57578125 0.775 0.0328125 0.028125
16 0.0078125 0.78515625 0.015625 0.0484375
4 0.72734375 0.77890625 0.1640625 0.0796875
16 0.5984375 0.8890625 0.059375 0.0625
9 0.9015625 0.83203125 0.09375 0.2171875
11 0.8828125 0.984375 0.084375 0.03125
7 0.68125 0.97421875 0.059375 0.0515625
9 0.26953125 0.99140625 0.0484375 0.0171875