7 0.78359375 0.01484375 0.0859375 0.0296875
14 0.14296875 0.021875 0.0515625 0.04375
4 0.6734375 0.0375 0.065625 0.075
13 0.23515625 0.0640625 0.0484375 0.05
0 0.87421875 0.0609375 0.1203125 0.121875
1 0.00859375 0.10703125 0.0171875 0.0296875
15 0.01484375 0.1625 0.0296875 0.053125
1 0.49296875 0.13515625 0.2015625 0.1921875
13 0.2734375 0.975 0.0375 0.05
14 0.31875 0.97109375 0.065625 0.0578125
8 0.471875 0.95859375 0.0625 0.0828125
6 0.66796875 0.96875 0.0984375 0.0625
15 0.759375 0.8953125 0.05625 0.059375
15 0.60390625 0.7015625 0.0546875 0.05625
3 0.540625 0.6234375 0.053125 0.0875
2 0.49375 0.5 0.06875 0.13125
16 0.55859375 0.46640625 0.0421875 0.0421875
3 0.22578125 0.409375 0.0703125 0.06875
5 0.8796875 0.371875 0.06875 0.059375
8 0.09296875 0.3546875 0.0734375 0.084375
3 0.33203125 0.3296875 0.0671875 0.090625
6 0.7984375 0.31640625 0.084375 0.0796875
1 0.578125 0.29140625 0.1875 0.1265625
6 0.01796875 0.26953125 0.0359375 0.0953125
15 0.3828125 0.2421875 0.05625 0.05625
12 0.384375 0.146875 0.040625 0.05
6 0.1109375 0.9609375 0.1 0.078125
2 0.68671875 0.91015625 0.1140625 0.0765625
9 0.175 0.82109375 0.046875 0.1484375
4 0.45625 0.825 0.096875 0.109375
3 0.8203125 0.6921875 0.090625 0.053125
1 0.77578125 0.528125 0.1953125 0.078125
6 0.415625 0.46484375 0.071875 0.0765625
16 0.925 0.48984375 0.009375 0.0109375