13 0.1078125 0.0453125 0.053125 0.053125
2 0.08203125 0.1375 0.0796875 0.0875
8 0.1671875 0.17265625 0.078125 0.0890625
0 0.00546875 0.97578125 0.0109375 0.0484375
11 0.6390625 0.9546875 0.059375 0.0625
14 0.31640625 0.9390625 0.0671875 0.078125
15 0.559375 0.88984375 0.05625 0.0609375
16 0.22265625 0.89453125 0.0453125 0.0453125
10 0.9890625 0.790625 0.021875 0.034375
16 0.3140625 0.73828125 0.04375 0.0453125
0 0.08125 0.68671875 0.1375 0.1265625
3 0.49609375 0.6859375 0.0859375 0.078125
1 0.9765625 0.63359375 0.046875 0.1734375
7 0.08046875 0.55546875 0.0671875 0.0234375
8 0.42109375 0.46328125 0.0921875 0.0765625
1 0.10234375 0.41875 0.2015625 0.15625
15 0.55546875 0.30703125 0.0578125 0.0578125
6 0.36328125 0.0203125 0.0703125 0.040625
3 0.18984375 0.02578125 0.0546875 0.0515625
5 0.6546875 0.04765625 0.040625 0.0234375
1 0.7265625 0.07265625 0.215625 0.0890625
4 0.73515625 0.93671875 0.0796875 0.1265625
8 0.8515625 0.9203125 0.08125 0.096875
9 0.30625 0.659375 0.14375 0.084375
12 0.56328125 0.5203125 0.0453125 0.040625
12 0.2890625 0.4796875 0.05 0.046875
10 0.84296875 0.31953125 0.0359375 0.0390625
15 0.65 0.30703125 0.05625 0.0578125