4 0.70078125 0.015625 0.1296875 0.03125
0 0.525 0.0203125 0.05 0.040625
4 0.4609375 0.0265625 0.159375 0.053125
16 0.79609375 0.03671875 0.0453125 0.0453125
8 0.29921875 0.05 0.0859375 0.1
12 0.80546875 0.98125 0.0453125 0.0375
8 0.11171875 0.8640625 0.0796875 0.09375
14 0.74140625 0.86875 0.0828125 0.05625
11 0.30234375 0.77578125 0.0609375 0.0640625
15 0.34765625 0.65390625 0.0578125 0.0609375
0 0.5578125 0.58359375 0.096875 0.1328125
16 0.1984375 0.621875 0.046875 0.046875
0 0.153125 0.4890625 0.09375 0.140625
1 0.5296875 0.4328125 0.175 0.184375
0 0.97421875 0.38984375 0.0515625 0.0921875
7 0.42890625 0.3875 0.0609375 0.034375
14 0.3421875 0.3546875 0.071875 0.05625
11 0.521875 0.27109375 0.065625 0.0640625
9 0.55859375 0.95390625 0.1140625 0.0328125
2 0.6375 0.86171875 0.096875 0.1609375
7 0.5859375 0.87734375 0.040625 0.0640625
4 0.4640625 0.7265625 0.103125 0.0875
12 0.99609375 0.5875 0.0078125 0.015625
14 0.34296875 0.534375 0.0578125 0.05625
9 0.00546875 0.54609375 0.0109375 0.0171875
12 0.34453125 0.46015625 0.0453125 0.0421875
3 0.59609375 0.41796875 0.0578125 0.0890625
1 0.7921875 0.28828125 0.121875 0.1828125
4 0.9578125 0.21015625 0.084375 0.1484375
7 0.6546875 0.20625 0.065625 0.053125
16 0.853125 0.18359375 0.04375 0.0453125
7 0.7171875 0.14921875 0.084375 0.0703125