2 0.19765625 0.0703125 0.1171875 0.103125
10 0.7765625 0.1171875 0.040625 0.0375
8 0.9921875 0.11015625 0.015625 0.0609375
16 0.934375 0.1828125 0.040625 0.03125
11 0.10703125 0.18828125 0.0359375 0.0640625
10 0.86875 0.2078125 0.034375 0.034375
5 0.17578125 0.20625 0.0640625 0.040625
4 0.3625 0.9515625 0.134375 0.096875
7 0.30703125 0.9296875 0.0859375 0.0875
16 0.084375 0.94609375 0.04375 0.0484375
12 0.23125 0.78828125 0.040625 0.0421875
4 0.63828125 0.7578125 0.0921875 0.103125
14 0.40234375 0.7421875 0.0640625 0.05
8 0.95625 0.725 0.065625 0.05
1 0.47890625 0.63984375 0.1421875 0.1921875
8 0.97109375 0.67265625 0.0578125 0.0703125
8 0.7390625 0.4671875 0.0875 0.084375
10 0.1625 0.43515625 0.034375 0.0359375
12 0.12578125 0.346875 0.0421875 0.04375
0 0.79375 0.31015625 0.128125 0.0828125
2 0.91015625 0.2953125 0.1109375 0.059375
8 0.03671875 0.23359375 0.0734375 0.0890625
4 0.41015625 0.03046875 0.0578125 0.0609375
14 0.69140625 0.1765625 0.0484375 0.0625
9 0.71015625 0.8234375 0.1359375 0.04375
4 0.0640625 0.78125 0.128125 0.125
2 0.9734375 0.76953125 0.053125 0.1453125
4 0.00234375 0.7453125 0.0046875 0.015625
16 0.684375 0.59765625 0.04375 0.0421875
6 0.50703125 0.56171875 0.0828125 0.0765625
1 0.275 0.446875 0.15625 0.15625
9 0.83828125 0.43125 0.0296875 0.028125
6 0.27734375 0.334375 0.0765625 0.08125
2 0.06171875 0.17578125 0.0578125 0.1578125