14 0.265625 0.053125 0.065625 0.084375
1 0.7390625 0.053125 0.078125 0.10625
11 0.6671875 0.071875 0.06875 0.075
0 0.98515625 0.0984375 0.0296875 0.090625
6 0.79921875 0.27109375 0.1296875 0.1171875
9 0.05546875 0.37265625 0.1109375 0.0328125
5 0.1703125 0.378125 0.08125 0.078125
7 0.99140625 0.51015625 0.0171875 0.0609375
4 0.95078125 0.496875 0.0984375 0.16875
6 0.11015625 0.55 0.1171875 0.08125
10 0.5625 0.5796875 0.040625 0.0375
13 0.6828125 0.6546875 0.053125 0.053125
9 0.52421875 0.66484375 0.1109375 0.0453125
3 0.7515625 0.80546875 0.078125 0.1078125
7 0.40859375 0.82109375 0.0828125 0.0765625
3 0.21953125 0.8390625 0.0703125 0.1
1 0.00234375 0.81953125 0.0046875 0.1796875
10 0.18828125 0.9125 0.0421875 0.04375
0 0.9828125 0.9859375 0.034375 0.028125