3 0.01640625 0.0171875 0.0328125 0.034375
13 0.88046875 0.97421875 0.0546875 0.0515625
16 0.990625 0.9375 0.01875 0.046875
10 0.234375 0.9 0.040625 0.0375
13 0.03984375 0.84375 0.0359375 0.01875
0 0.26328125 0.73828125 0.1078125 0.1421875
13 0.6296875 0.68515625 0.053125 0.0515625
1 0.65390625 0.53359375 0.1515625 0.1953125
11 0.83203125 0.5609375 0.0734375 0.06875
15 0.48046875 0.56484375 0.0484375 0.0578125
1 0.5140625 0.4 0.2125 0.15625
16 0.05546875 0.453125 0.0140625 0.0125
1 0.64609375 0.31640625 0.1984375 0.2078125
10 0.5421875 0.31328125 0.0375 0.0390625
16 0.93828125 0.26640625 0.0515625 0.0484375
8 0.65234375 0.246875 0.0703125 0.084375
7 0.384375 0.15859375 0.046875 0.0828125
4 0.134375 0.1328125 0.14375 0.128125
14 0.59453125 0.1234375 0.0640625 0.071875
9 0.74375 0.04921875 0.121875 0.0984375
15 0.4578125 0.04453125 0.059375 0.0671875
11 0.64921875 0.0421875 0.0671875 0.071875
3 0.4625 0.72890625 0.071875 0.0953125
16 0.41171875 0.725 0.0484375 0.046875
2 0.93046875 0.45703125 0.1390625 0.1171875
4 0.19765625 0.3625 0.0828125 0.165625
14 0.2546875 0.1890625 0.05625 0.0875
6 0.9765625 0.08515625 0.046875 0.0921875