2 0.23046875 0.02265625 0.0953125 0.0453125
2 0.96640625 0.03828125 0.0671875 0.0765625
4 0.8453125 0.228125 0.103125 0.134375
8 0.57265625 0.25703125 0.1171875 0.1078125
14 0.4765625 0.3515625 0.06875 0.065625
11 0.96953125 0.3578125 0.0609375 0.078125
0 0.659375 0.3453125 0.10625 0.15625
4 0.015625 0.484375 0.03125 0.01875
6 0.71953125 0.44609375 0.1296875 0.1046875
15 0.99453125 0.503125 0.0109375 0.01875
1 0.8390625 0.40703125 0.14375 0.2421875
13 0.60234375 0.525 0.0640625 0.0625
5 0.3328125 0.53671875 0.084375 0.0453125
5 0.021875 0.525 0.04375 0.084375
3 0.97890625 0.71875 0.0421875 0.11875
6 0.43203125 0.859375 0.0609375 0.046875
3 0.73125 0.9203125 0.046875 0.125
16 0.1734375 0.959375 0.05625 0.05
8 0.31796875 0.9828125 0.0671875 0.034375