12 0.828125 0.028125 0.059375 0.05625
3 0.4375 0.03125 0.065625 0.0625
3 0.8703125 0.07890625 0.109375 0.1265625
15 0.0046875 0.2125 0.009375 0.0375
5 0.1203125 0.24453125 0.096875 0.0640625
4 0.72109375 0.2171875 0.1234375 0.175
3 0.48359375 0.25703125 0.0953125 0.1046875
13 0.3125 0.28125 0.05625 0.0625
15 0.08984375 0.371875 0.0671875 0.034375
4 0.2359375 0.29765625 0.10625 0.1984375
15 0.79609375 0.3890625 0.0328125 0.0625
1 0.91484375 0.35234375 0.1703125 0.2203125
13 0.796875 0.5359375 0.065625 0.0625
8 0.6671875 0.55390625 0.103125 0.1140625
3 0.071875 0.69453125 0.115625 0.0953125
14 0.99296875 0.85234375 0.0140625 0.0328125
0 0.43984375 0.91796875 0.1484375 0.1109375
12 0.71875 0.9703125 0.053125 0.059375
1 0.28359375 0.98515625 0.0953125 0.0296875