14 0.45078125 0.00234375 0.0359375 0.0046875
6 0.9296875 0.05 0.140625 0.1
15 0.11015625 0.103125 0.1015625 0.103125
2 0.015625 0.1375 0.03125 0.103125
3 0.07578125 0.37109375 0.1515625 0.1703125
11 0.475 0.45390625 0.096875 0.0921875
12 0.48515625 0.63671875 0.0703125 0.0765625
5 0.19140625 0.63125 0.0859375 0.109375
4 0.7234375 0.74140625 0.196875 0.1609375
10 0.471875 0.8203125 0.046875 0.034375
2 0.421875 0.77578125 0.23125 0.1734375
15 0.625 0.834375 0.09375 0.096875
7 0.915625 0.840625 0.1375 0.096875
7 0.02265625 0.934375 0.0453125 0.115625
0 0.23203125 0.94453125 0.2046875 0.1109375
8 0.0765625 0.93046875 0.14375 0.1390625