7 0.1359375 0.009375 0.08125 0.01875
14 0.75625 0.0328125 0.084375 0.065625
12 0.3046875 0.07265625 0.0625 0.0796875
4 0.08125 0.0875 0.13125 0.175
4 0.028125 0.17734375 0.05625 0.0765625
0 0.99140625 0.18984375 0.0171875 0.0609375
9 0.9078125 0.2625 0.184375 0.075
0 0.0078125 0.36953125 0.015625 0.0609375
3 0.5234375 0.4328125 0.084375 0.134375
15 0.30234375 0.52265625 0.0890625 0.0859375
1 0.99765625 0.5921875 0.0046875 0.015625
12 0.26796875 0.6015625 0.0640625 0.06875
9 0.6453125 0.73125 0.11875 0.084375
8 0.065625 0.72734375 0.13125 0.1109375
11 0.25 0.83515625 0.090625 0.0953125
15 0.103125 0.865625 0.0875 0.0875
15 0.38515625 0.88984375 0.0703125 0.0921875
9 0.653125 0.9609375 0.109375 0.078125
12 0.525 0.9671875 0.034375 0.065625
5 0.165625 0.96953125 0.109375 0.0609375