8 0.3921875 0.003125 0.0125 0.00625
10 0.8515625 0.10703125 0.046875 0.0453125
7 0.91640625 0.1171875 0.1140625 0.046875
10 0.10078125 0.16171875 0.0421875 0.0515625
7 0.8015625 0.2015625 0.109375 0.05625
6 0.19609375 0.1921875 0.1234375 0.128125
5 0.3671875 0.2328125 0.08125 0.084375
10 0.68046875 0.2625 0.0453125 0.04375
12 0.2984375 0.2734375 0.053125 0.053125
14 0.86796875 0.36796875 0.0890625 0.0640625
0 0.4453125 0.35078125 0.159375 0.1640625
14 0.21796875 0.428125 0.0671875 0.0875
11 0.11484375 0.44140625 0.0765625 0.0703125
4 0.853125 0.44765625 0.11875 0.1859375
6 0.34765625 0.5640625 0.0890625 0.040625
2 0.134375 0.53671875 0.196875 0.1484375
3 0.42734375 0.584375 0.0640625 0.09375
7 0.6609375 0.634375 0.08125 0.090625
16 0.00078125 0.71796875 0.0015625 0.0109375
4 0.31484375 0.70546875 0.0734375 0.1015625
11 0.97890625 0.72734375 0.0421875 0.0765625
1 0.028125 0.81484375 0.05625 0.1859375
10 0.534375 0.89375 0.04375 0.046875
1 0.9515625 0.90703125 0.096875 0.1859375
15 0.19375 0.99765625 0.0375 0.0046875
14 0.146875 0.98515625 0.0375 0.0296875