15 0.075 0.00078125 0.00625 0.0015625
11 0.696875 0.925 0.06875 0.078125
5 0.32421875 0.88125 0.0765625 0.08125
16 0.41796875 0.8921875 0.0484375 0.053125
6 0.04140625 0.83984375 0.0828125 0.1140625
5 0.7640625 0.7828125 0.078125 0.053125
9 0.97578125 0.7578125 0.0484375 0.065625
10 0.37421875 0.67421875 0.0390625 0.0421875
0 0.81484375 0.60703125 0.1265625 0.1171875
10 0.915625 0.63984375 0.04375 0.0390625
1 0.69453125 0.596875 0.2140625 0.0875
13 0.18515625 0.5625 0.0578125 0.05
8 0.28515625 0.50390625 0.0859375 0.0921875
8 0.68203125 0.375 0.0640625 0.078125
0 0.62421875 0.296875 0.1203125 0.128125
11 0.0390625 0.26171875 0.078125 0.0703125
15 0.40546875 0.209375 0.0046875 0.00625
3 0.4234375 0.99375 0.04375 0.0125
9 0.5328125 0.98828125 0.028125 0.0234375
9 0.91484375 0.94140625 0.0359375 0.0734375
4 0.16796875 0.86796875 0.1046875 0.1140625
16 0.771875 0.6328125 0.040625 0.040625
12 0.0015625 0.6390625 0.003125 0.009375
3 0.5140625 0.35546875 0.096875 0.1109375
14 0.609375 0.3234375 0.0625 0.059375
4 0.265625 0.240625 0.16875 0.1125
9 0.26015625 0.13828125 0.0734375 0.1578125
7 0.10859375 0.0453125 0.0390625 0.046875
3 0.56640625 0.03359375 0.0734375 0.0671875
5 0.928125 0.03203125 0.084375 0.0640625
7 0.40078125 0.01953125 0.0859375 0.0390625
7 0.20234375 0.0125 0.0796875 0.025