16 0.31171875 0.0078125 0.0609375 0.015625
0 0.00234375 0.0078125 0.0046875 0.015625
13 0.12578125 0.01796875 0.0796875 0.0359375
10 0.50703125 0.02421875 0.0609375 0.0484375
3 0.8640625 0.03515625 0.15 0.0703125
6 0.0046875 0.19453125 0.009375 0.0203125
13 0.93359375 0.18046875 0.0859375 0.0828125
13 0.19375 0.265625 0.08125 0.08125
15 0.7 0.38359375 0.096875 0.0953125
5 0.15 0.49375 0.115625 0.08125
12 0.346875 0.53125 0.075 0.0875
11 0.6375 0.5890625 0.103125 0.096875
9 0.365625 0.68515625 0.10625 0.2421875
5 0.721875 0.75625 0.11875 0.109375
10 0.50234375 0.86015625 0.0703125 0.0640625
8 0.22890625 0.8328125 0.1171875 0.13125
16 0.9640625 0.86328125 0.071875 0.0765625
15 0.23359375 0.93125 0.1015625 0.10625