4 0.3078125 0.0234375 0.14375 0.046875
15 0.5140625 0.2328125 0.121875 0.128125
14 0.93125 0.246875 0.121875 0.1125
2 0.3984375 0.26796875 0.225 0.3328125
8 0.38359375 0.46171875 0.0890625 0.0828125
7 0.5859375 0.4921875 0.190625 0.15
12 0.99375 0.74375 0.0125 0.05625
7 0.875 0.7171875 0.14375 0.128125
14 0.60546875 0.8515625 0.1484375 0.109375
15 0.9640625 0.9734375 0.071875 0.053125
6 0.8421875 0.896875 0.203125 0.20625
3 0.48359375 0.93046875 0.1515625 0.1390625
15 0.06953125 0.97109375 0.1265625 0.0578125