8 0.0859375 0.121875 0.1 0.1
2 0.33828125 0.26015625 0.1578125 0.0953125
14 0.0296875 0.28828125 0.059375 0.0640625
7 0.1015625 0.31015625 0.10625 0.0640625
6 0.58671875 0.28984375 0.0859375 0.1140625
11 0.55546875 0.353125 0.0703125 0.06875
1 0.66640625 0.30078125 0.1921875 0.2078125
15 0.271875 0.38984375 0.065625 0.0640625
14 0.1828125 0.40703125 0.05625 0.0578125
3 0.2453125 0.428125 0.084375 0.096875
2 0.07578125 0.421875 0.0953125 0.109375
2 0.92734375 0.39140625 0.1234375 0.1734375
16 0.4546875 0.4703125 0.05 0.05
8 0.53671875 0.4796875 0.1078125 0.09375
10 0.38515625 0.55078125 0.0484375 0.0421875
6 0.5609375 0.5875 0.11875 0.08125
4 0.14609375 0.59296875 0.1015625 0.0921875
4 0.98125 0.73046875 0.0375 0.0703125
12 0.49921875 0.7609375 0.0578125 0.05
9 0.2703125 0.80859375 0.0625 0.0546875
14 0.50234375 0.81171875 0.0609375 0.0609375
16 0.21171875 0.853125 0.0515625 0.053125
4 0.00546875 0.90546875 0.0109375 0.0390625
0 0.3671875 0.9109375 0.10625 0.13125
1 0.88515625 0.959375 0.1515625 0.08125
5 0.378125 0.98359375 0.08125 0.0328125