2 0.209375 0.00859375 0.0375 0.0171875
3 0.95546875 0.02578125 0.0890625 0.0515625
11 0.36328125 0.97890625 0.0703125 0.0421875
10 0.4859375 0.99375 0.01875 0.0125
4 0.81171875 0.92578125 0.0984375 0.1484375
13 0.19453125 0.96328125 0.0578125 0.0578125
4 0.803125 0.921875 0.18125 0.109375
0 0.0640625 0.84609375 0.096875 0.1484375
3 0.190625 0.82890625 0.1 0.1171875
15 0.965625 0.690625 0.06875 0.065625
10 0.009375 0.6484375 0.01875 0.040625
1 0.84921875 0.52421875 0.1328125 0.2359375
8 0.58046875 0.51328125 0.0984375 0.0859375
1 0.87578125 0.37578125 0.1140625 0.2015625
10 0.659375 0.39296875 0.046875 0.0390625
1 0.53828125 0.19140625 0.1859375 0.2171875
7 0.903125 0.2359375 0.0375 0.0875
6 0.053125 0.11015625 0.10625 0.0921875
7 0.00859375 0.8484375 0.0171875 0.071875
9 0.896875 0.8171875 0.128125 0.05
10 0.10234375 0.6328125 0.0421875 0.040625
4 0.91328125 0.56640625 0.0578125 0.1640625
12 0.2515625 0.43359375 0.053125 0.0453125
9 0.99140625 0.25625 0.0171875 0.06875