0 0.68984375 0.034375 0.1296875 0.06875
2 0.25703125 0.05390625 0.1484375 0.1015625
11 0.340625 0.10859375 0.0625 0.0671875
16 0.378125 0.96640625 0.0375 0.0453125
1 0.03515625 0.78828125 0.0703125 0.1734375
10 0.41640625 0.775 0.0359375 0.034375
14 0.4015625 0.72265625 0.05625 0.0828125
6 0.75 0.65 0.1 0.071875
15 0.7828125 0.56015625 0.059375 0.0578125
10 0.3140625 0.5484375 0.0375 0.034375
8 0.90703125 0.496875 0.0984375 0.075
10 0.51015625 0.4875 0.0359375 0.034375
3 0.02890625 0.46171875 0.0578125 0.0609375
15 0.1546875 0.45 0.059375 0.05625
11 0.9921875 0.403125 0.015625 0.046875
14 0.76953125 0.37109375 0.0734375 0.0609375
13 0.9734375 0.34765625 0.05 0.0484375
11 0.4578125 0.33515625 0.0625 0.0609375
16 0.328125 0.3328125 0.040625 0.04375
14 0.60859375 0.30390625 0.0765625 0.0546875
14 0.0921875 0.265625 0.065625 0.06875
6 0.7609375 0.2125 0.09375 0.078125
7 0.48671875 0.20546875 0.0546875 0.0890625
1 0.0109375 0.01796875 0.021875 0.0359375
3 0.61484375 0.04921875 0.0546875 0.0984375
6 0.11640625 0.07421875 0.0984375 0.1140625
9 0.71328125 0.975 0.0328125 0.05
6 0.9125 0.9734375 0.065625 0.053125
12 0.90234375 0.85 0.0515625 0.04375
12 0.93515625 0.778125 0.0453125 0.046875
3 0.06328125 0.5859375 0.0640625 0.0875
3 0.1828125 0.52265625 0.059375 0.0546875
5 0.215625 0.49140625 0.06875 0.0671875
9 0.62265625 0.4578125 0.0578125 0.059375
1 0.05390625 0.34765625 0.1078125 0.2078125
14 0.515625 0.39453125 0.053125 0.0734375
14 0.94453125 0.284375 0.0796875 0.053125
11 0.55234375 0.2203125 0.0578125 0.065625
13 0.4 0.2265625 0.028125 0.0375