16 0.79296875 0.03203125 0.0765625 0.0640625
15 0.27734375 0.05078125 0.0984375 0.1015625
15 0.60859375 0.20078125 0.0953125 0.0984375
4 0.20078125 0.20390625 0.0921875 0.1828125
16 0.6296875 0.3640625 0.071875 0.071875
4 0.390625 0.62109375 0.14375 0.2640625
2 0.94921875 0.68359375 0.1015625 0.1984375
14 0.14609375 0.75703125 0.1359375 0.0984375
9 0.58984375 0.8453125 0.1390625 0.109375
1 0.90078125 0.7671875 0.1984375 0.303125
11 0.96328125 0.95703125 0.0734375 0.0859375
4 0.10625 0.95546875 0.109375 0.0890625