7 0.2109375 0.00390625 0.075 0.0078125
7 0.86796875 0.025 0.0953125 0.05
5 0.70078125 0.2234375 0.0953125 0.065625
9 0.01171875 0.265625 0.0234375 0.03125
15 0.98515625 0.34140625 0.0296875 0.0734375
4 0.9296875 0.2953125 0.109375 0.2
3 0.78828125 0.384375 0.1140625 0.1
16 0.5421875 0.43359375 0.053125 0.0578125
2 0.2875 0.52265625 0.18125 0.0921875
3 0.165625 0.60703125 0.090625 0.0703125
5 0.659375 0.6140625 0.090625 0.075
0 0.80234375 0.73203125 0.1421875 0.1765625
9 0.52734375 0.72734375 0.0890625 0.2015625
9 0.90390625 0.80546875 0.0984375 0.1359375
6 0.403125 0.91875 0.1125 0.13125
0 0.2265625 0.90234375 0.18125 0.1640625
15 0.021875 0.990625 0.04375 0.01875