15 0.9625 0.01796875 0.071875 0.0359375
7 0.10234375 0.14921875 0.1234375 0.1015625
1 0.03671875 0.19765625 0.0734375 0.2265625
2 0.45859375 0.26796875 0.1484375 0.2484375
2 0.9125 0.26015625 0.175 0.2703125
3 0.575 0.359375 0.125 0.084375
6 0.29921875 0.3265625 0.1734375 0.178125
0 0.26640625 0.5546875 0.1515625 0.2375
6 0.41875 0.778125 0.178125 0.084375
1 0.9171875 0.746875 0.165625 0.29375
2 0.01796875 0.90703125 0.0359375 0.0765625
8 0.55703125 0.89140625 0.1140625 0.1453125
1 0.890625 0.96171875 0.21875 0.0765625
14 0.6625 0.97734375 0.125 0.0453125