1 0.53515625 0.01484375 0.0640625 0.0296875
9 0.42421875 0.03359375 0.0828125 0.0671875
15 0.171875 0.04296875 0.08125 0.0796875
13 0.77109375 0.16328125 0.0671875 0.0640625
3 0.859375 0.3203125 0.128125 0.06875
1 0.87734375 0.228125 0.1328125 0.296875
11 0.04453125 0.36953125 0.0890625 0.0890625
6 0.725 0.3984375 0.09375 0.121875
9 0.84453125 0.49140625 0.1140625 0.0953125
12 0.50390625 0.63515625 0.0734375 0.0578125
11 0.01328125 0.6296875 0.0265625 0.075
1 0.9578125 0.5546875 0.084375 0.25
12 0.1 0.7078125 0.071875 0.0625
9 0.1796875 0.746875 0.140625 0.175
14 0.60078125 0.81171875 0.0953125 0.0859375
3 0.95859375 0.87421875 0.0828125 0.1328125
4 0.58515625 0.990625 0.0640625 0.01875
5 0.40703125 0.96328125 0.0796875 0.0734375