0 0.1625 0.021875 0.084375 0.04375
1 0.28203125 0.0328125 0.1171875 0.065625
13 0.96171875 0.0984375 0.0484375 0.046875
5 0.859375 0.1546875 0.065625 0.065625
15 0.49765625 0.1671875 0.0546875 0.05625
4 0.03828125 0.99609375 0.0171875 0.0078125
1 0.56875 0.9984375 0.00625 0.003125
0 0.16953125 0.91875 0.0859375 0.13125
15 0.06640625 0.86875 0.0578125 0.059375
11 0.83203125 0.82265625 0.0609375 0.0609375
16 0.36875 0.7515625 0.040625 0.040625
9 0.9828125 0.66484375 0.034375 0.0546875
2 0.07890625 0.66015625 0.1109375 0.0578125
7 0.36640625 0.65078125 0.0640625 0.0421875
5 0.77265625 0.59296875 0.0640625 0.0359375
9 0.89921875 0.415625 0.0421875 0.14375
5 0.2875 0.46015625 0.065625 0.0421875
15 0.3921875 0.44296875 0.053125 0.0515625
12 0.490625 0.42578125 0.05 0.0390625
14 0.7828125 0.34609375 0.05625 0.0609375
9 0.665625 0.0296875 0.040625 0.059375
2 0.278125 0.04609375 0.075 0.0921875
12 0.5125 0.09921875 0.05 0.0421875
12 0.0046875 0.21875 0.009375 0.03125
4 0.38046875 0.99765625 0.0265625 0.0046875
13 0.2078125 0.909375 0.021875 0.04375
9 0.46328125 0.7875 0.0609375 0.140625
12 0.6078125 0.809375 0.046875 0.040625
7 0.97734375 0.7671875 0.0453125 0.075
9 0.42421875 0.68046875 0.1265625 0.0390625
11 0.23125 0.63828125 0.0625 0.0578125
7 0.83046875 0.61328125 0.0609375 0.0640625
6 0.0515625 0.58828125 0.103125 0.0578125
12 0.41640625 0.58984375 0.0390625 0.0421875
2 0.9328125 0.534375 0.134375 0.0875
3 0.5078125 0.50703125 0.059375 0.0796875
9 0.74296875 0.4109375 0.1140625 0.040625
3 0.63671875 0.27421875 0.0765625 0.0859375