0 0.27421875 0.00703125 0.0484375 0.0140625
8 0.090625 0.00703125 0.025 0.0140625
11 0.1328125 0.01328125 0.03125 0.0265625
8 0.140625 0.128125 0.096875 0.103125
6 0.80390625 0.240625 0.1140625 0.11875
11 0.334375 0.26484375 0.08125 0.0796875
3 0.61015625 0.30625 0.1171875 0.09375
9 0.2484375 0.35859375 0.1125 0.0796875
13 0.12890625 0.4078125 0.0640625 0.065625
1 0.0765625 0.30703125 0.153125 0.2859375
3 0.7515625 0.4390625 0.084375 0.1
5 0.00546875 0.5390625 0.0109375 0.053125
3 0.60078125 0.55859375 0.0859375 0.0921875
1 0.865625 0.54140625 0.125 0.2796875
4 0.1359375 0.59609375 0.125 0.1984375
6 0.09921875 0.65625 0.1203125 0.125
0 0.7140625 0.7390625 0.1125 0.121875
13 0.04765625 0.8203125 0.0703125 0.065625
13 0.61484375 0.840625 0.0640625 0.065625
10 0.4546875 0.89765625 0.046875 0.0515625
8 0.7546875 0.990625 0.04375 0.01875
1 0.19453125 0.9953125 0.0359375 0.009375