8 0.609375 0.1515625 0.16875 0.15
15 0.99453125 0.2734375 0.0109375 0.05625
16 0.31484375 0.28203125 0.0765625 0.0734375
16 0.96640625 0.403125 0.0671875 0.071875
9 0.640625 0.3890625 0.15 0.11875
0 0.5171875 0.3796875 0.153125 0.215625
11 0.73828125 0.45 0.0828125 0.109375
2 0.8515625 0.403125 0.165625 0.225
11 0.51015625 0.52421875 0.0859375 0.1046875
9 0.696875 0.7234375 0.178125 0.175
1 0.625 0.7359375 0.215625 0.3
7 0.46796875 0.825 0.1546875 0.15
11 0.759375 0.89453125 0.10625 0.1109375
4 0.725 0.940625 0.146875 0.11875
16 0.26875 0.97578125 0.078125 0.0484375
14 0.09765625 0.95390625 0.1140625 0.0921875
0 0.10390625 0.98125 0.1390625 0.0375