6 0.140625 0.97890625 0.08125 0.0421875
8 0.721875 0.92265625 0.103125 0.1046875
8 0.55 0.86875 0.090625 0.059375
10 0.4046875 0.63828125 0.04375 0.0359375
3 0.834375 0.5609375 0.096875 0.1
13 0.3359375 0.46640625 0.053125 0.0515625
7 0.565625 0.40625 0.075 0.0625
11 0.83125 0.22421875 0.06875 0.0671875
8 0.91953125 0.15234375 0.1015625 0.0953125
3 0.49296875 0.11875 0.0671875 0.078125
13 0.9734375 0.11171875 0.053125 0.0515625
9 0.07578125 0.96953125 0.1515625 0.0609375
1 0.53046875 0.98515625 0.0578125 0.0296875
6 0.8640625 0.98984375 0.053125 0.0203125
12 0.15 0.865625 0.059375 0.046875
3 0.61171875 0.63125 0.0609375 0.05
9 0.92265625 0.50625 0.0921875 0.121875
2 0.828125 0.44921875 0.115625 0.1484375
6 0.18984375 0.353125 0.1046875 0.090625
7 0.196875 0.12421875 0.078125 0.0703125