4 0.7015625 0.04375 0.10625 0.0875
7 0.24140625 0.04765625 0.1234375 0.0953125
10 0.96875 0.11875 0.0625 0.065625
12 0.0671875 0.2265625 0.078125 0.075
12 0.25 0.2828125 0.084375 0.071875
5 0.7703125 0.325 0.121875 0.125
16 0.33984375 0.3734375 0.0765625 0.075
12 0.0265625 0.4375 0.053125 0.08125
16 0.275 0.475 0.078125 0.075
15 0.37734375 0.68828125 0.0984375 0.1015625
2 0.90546875 0.64921875 0.1890625 0.2453125
0 0.55546875 0.6578125 0.2359375 0.240625
6 0.0453125 0.73515625 0.090625 0.1421875
8 0.60390625 0.78984375 0.1203125 0.1453125
3 0.44296875 0.79375 0.1140625 0.178125