6 0.084375 0.00859375 0.08125 0.0171875
0 0.6609375 0.0359375 0.090625 0.071875
15 0.75546875 0.0546875 0.0578125 0.059375
8 0.875 0.9453125 0.103125 0.1
14 0.2078125 0.7765625 0.05625 0.053125
8 0.73046875 0.74296875 0.0828125 0.0703125
15 0.3703125 0.74453125 0.05625 0.0578125
10 0.30703125 0.74921875 0.0328125 0.0390625
8 0.01015625 0.66796875 0.0203125 0.0515625
0 0.5953125 0.63359375 0.13125 0.0890625
0 0.02734375 0.54921875 0.0546875 0.1203125
16 0.41953125 0.56640625 0.0421875 0.0421875
12 0.515625 0.44609375 0.04375 0.0515625
7 0.67578125 0.40703125 0.0421875 0.0734375
9 0.9625 0.40859375 0.075 0.0296875
11 0.440625 0.36015625 0.059375 0.0609375
12 0.3171875 0.21640625 0.040625 0.0421875
12 0.41328125 0.0015625 0.0296875 0.003125
4 0.0328125 0.0203125 0.065625 0.040625
14 0.16171875 0.1546875 0.0578125 0.059375
8 0.3453125 0.97890625 0.075 0.0421875
14 0.7296875 0.98984375 0.05 0.0203125
14 0.86484375 0.8953125 0.0515625 0.046875
2 0.90234375 0.70703125 0.1359375 0.1390625
9 0.06953125 0.68125 0.1234375 0.084375
6 0.1640625 0.40703125 0.078125 0.0953125
12 0.03046875 0.31328125 0.0453125 0.0453125
4 0.8828125 0.1765625 0.165625 0.08125
12 0.0828125 0.1703125 0.046875 0.040625