12 0.48203125 0.134375 0.0546875 0.059375
10 0.665625 0.19609375 0.046875 0.0453125
16 0.6234375 0.32421875 0.05625 0.0546875
16 0.509375 0.3625 0.053125 0.053125
10 0.86796875 0.39375 0.0421875 0.04375
10 0.4703125 0.40703125 0.04375 0.0484375
2 0.4046875 0.3484375 0.090625 0.184375
8 0.07421875 0.41484375 0.0484375 0.0890625
0 0.70546875 0.3953125 0.0984375 0.140625
15 0.03671875 0.4625 0.0734375 0.071875
2 0.98828125 0.4875 0.0234375 0.078125
10 0.0046875 0.5203125 0.009375 0.03125
14 0.8 0.5390625 0.021875 0.025
10 0.4265625 0.5390625 0.04375 0.04375
4 0.36640625 0.525 0.0640625 0.125
16 0.72265625 0.56484375 0.0546875 0.0546875
16 0.4921875 0.63359375 0.053125 0.0515625
6 0.1109375 0.64140625 0.140625 0.0515625
1 0.80234375 0.578125 0.2328125 0.225
3 0.91015625 0.63984375 0.0703125 0.1046875
11 0.4109375 0.66953125 0.075 0.0765625
16 0.065625 0.7328125 0.05625 0.053125
14 0.77421875 0.8 0.0890625 0.078125
3 0.825 0.8046875 0.078125 0.10625
8 0.4703125 0.80234375 0.109375 0.1203125
8 0.06171875 0.8859375 0.1234375 0.078125
2 0.6796875 0.953125 0.10625 0.09375
13 0.5859375 0.98359375 0.059375 0.0328125
6 0.434375 0.9625 0.109375 0.075
3 0.00703125 0.9984375 0.0140625 0.003125