15 0.3171875 0.02265625 0.071875 0.0453125
10 0.2859375 0.103125 0.040625 0.04375
13 0.76328125 0.1703125 0.0578125 0.059375
3 0.5484375 0.190625 0.10625 0.06875
12 0.92578125 0.32578125 0.0578125 0.0515625
12 0.01953125 0.3484375 0.0296875 0.040625
8 0.46171875 0.315625 0.1015625 0.109375
14 0.359375 0.34921875 0.065625 0.0640625
4 0.29609375 0.325 0.0984375 0.1625
0 0.071875 0.35234375 0.14375 0.1609375
2 0.3484375 0.3578125 0.084375 0.175
7 0.771875 0.56015625 0.096875 0.0484375
9 0.1859375 0.603125 0.1625 0.040625
4 0.9078125 0.59375 0.140625 0.1125
14 0.2921875 0.63359375 0.06875 0.0640625
10 0.6953125 0.6890625 0.040625 0.04375
7 0.10078125 0.7015625 0.0921875 0.071875
16 0.9015625 0.74140625 0.053125 0.0515625
5 0.0359375 0.80234375 0.071875 0.0859375
0 0.59375 0.778125 0.10625 0.146875
2 0.9703125 0.778125 0.059375 0.175
9 0.20859375 0.8453125 0.0953125 0.053125
15 0.1359375 0.89609375 0.06875 0.0734375
10 0.26015625 0.9140625 0.0234375 0.040625
13 0.7734375 0.93671875 0.059375 0.0609375
7 0.98828125 0.99140625 0.0234375 0.0171875