9 0.89765625 0.0734375 0.1078125 0.08125
15 0.97890625 0.146875 0.0421875 0.096875
13 0.4203125 0.2390625 0.075 0.075
14 0.7078125 0.253125 0.0875 0.078125
12 0.596875 0.27890625 0.071875 0.0765625
0 0.0828125 0.284375 0.165625 0.16875
2 0.95 0.55703125 0.1 0.0984375
15 0.96953125 0.59375 0.0609375 0.09375
0 0.75234375 0.65234375 0.2109375 0.1984375
9 0.20859375 0.70390625 0.2359375 0.0984375
11 0.61484375 0.71015625 0.0953125 0.0921875
14 0.68671875 0.8171875 0.0859375 0.0875
16 0.8515625 0.8625 0.075 0.071875
16 0.49296875 0.996875 0.0234375 0.00625