14 0.4484375 0.03671875 0.05625 0.0734375
11 0.63125 0.96796875 0.05625 0.0640625
1 0.34921875 0.84375 0.1515625 0.2
8 0.86796875 0.85703125 0.1140625 0.1140625
5 0.975 0.81328125 0.05 0.0765625
15 0.97265625 0.71640625 0.0546875 0.0640625
13 0.046875 0.703125 0.05625 0.053125
6 0.21640625 0.54140625 0.1140625 0.0890625
16 0.8953125 0.47890625 0.05 0.0453125
10 0.384375 0.46328125 0.0375 0.0453125
11 0.56015625 0.4421875 0.0640625 0.0625
14 0.63515625 0.3546875 0.0609375 0.075
10 0.50625 0.3171875 0.04375 0.0375
9 0.40625 0.00859375 0.025 0.0171875
15 0.6609375 0.01640625 0.0625 0.0328125
5 0.5546875 0.925 0.075 0.05625
16 0.24921875 0.7625 0.0484375 0.046875
9 0.8453125 0.72578125 0.140625 0.0890625
4 0.73515625 0.68515625 0.1453125 0.0890625
14 0.940625 0.6453125 0.078125 0.05625
3 0.68828125 0.5109375 0.0890625 0.1
1 0.91875 0.4125 0.1625 0.20625
11 0.13359375 0.1921875 0.0703125 0.071875
4 0.96796875 0.06015625 0.0640625 0.0734375