0 0.0015625 0.00078125 0.003125 0.0015625
6 0.8859375 0.00234375 0.00625 0.0046875
13 0.33984375 0.0671875 0.0671875 0.06875
13 0.9640625 0.0703125 0.06875 0.065625
1 0.81640625 0.0734375 0.1640625 0.146875
13 0.7015625 0.12265625 0.0625 0.0703125
13 0.09296875 0.1625 0.0671875 0.065625
10 0.2375 0.18515625 0.05625 0.0453125
2 0.42890625 0.24609375 0.1296875 0.1828125
6 0.640625 0.275 0.096875 0.128125
4 0.971875 0.296875 0.05625 0.1
8 0.1328125 0.296875 0.1125 0.13125
16 0.09609375 0.38515625 0.0609375 0.0578125
6 0.86640625 0.41875 0.1359375 0.109375
6 0.978125 0.48671875 0.04375 0.0953125
13 0.8953125 0.55703125 0.06875 0.0671875
13 0.01015625 0.56875 0.0203125 0.05625
12 0.3140625 0.5828125 0.05 0.05625
15 0.48984375 0.62578125 0.0765625 0.0765625
9 0.753125 0.7515625 0.190625 0.04375
12 0.93046875 0.79296875 0.0578125 0.0609375
12 0.56875 0.91171875 0.015625 0.0046875
10 0.915625 0.975 0.040625 0.05
1 0.6 0.953125 0.128125 0.09375
8 0.1296875 0.94375 0.128125 0.1125