2 0.621875 0.00703125 0.059375 0.0140625
0 0.71640625 0.01171875 0.0828125 0.0234375
11 0.96953125 0.0125 0.0609375 0.025
5 0.07734375 0.025 0.0640625 0.05
11 0.5 0.7625 0.065625 0.05625
11 0.809375 0.71953125 0.071875 0.0734375
10 0.18125 0.66484375 0.04375 0.0390625
8 0.55390625 0.478125 0.1046875 0.10625
1 0.80078125 0.40859375 0.1015625 0.1609375
1 0.309375 0.37890625 0.234375 0.1046875
16 0.6234375 0.384375 0.046875 0.046875
14 0.440625 0.36875 0.0625 0.071875
1 0.1328125 0.27890625 0.225 0.1859375
8 0.6625 0.3125 0.10625 0.109375
16 0.8140625 0.27734375 0.05 0.0484375
0 0.9859375 0.24765625 0.028125 0.0703125
8 0.9484375 0.13359375 0.09375 0.0953125
16 0.7078125 0.09921875 0.05 0.0515625
2 0.29921875 0.05703125 0.0828125 0.1140625
3 0.93828125 0.02109375 0.0640625 0.0421875
7 0.9 0.909375 0.075 0.075
9 0.08671875 0.82265625 0.1296875 0.1046875
9 0.903125 0.75703125 0.065625 0.0984375
1 0.3828125 0.61171875 0.16875 0.1890625
15 0.34765625 0.56953125 0.0640625 0.0640625
11 0.79453125 0.52734375 0.0734375 0.0703125
2 0.07265625 0.390625 0.1453125 0.084375
6 0.4984375 0.2875 0.115625 0.11875
2 0.5734375 0.08046875 0.103125 0.1609375