8 0.7171875 0.0125 0.096875 0.025
16 0.2796875 0.01953125 0.071875 0.0390625
10 0.0203125 0.0484375 0.040625 0.071875
1 0.596875 0.10390625 0.203125 0.2078125
1 0.97265625 0.1484375 0.0546875 0.15
8 0.54609375 0.2453125 0.1234375 0.11875
3 0.98515625 0.49296875 0.0296875 0.0546875
14 0.86796875 0.50546875 0.1015625 0.0859375
16 0.2390625 0.61328125 0.075 0.0734375
15 0.778125 0.65 0.090625 0.090625
10 0.66171875 0.6859375 0.0609375 0.05625
3 0.4359375 0.8328125 0.115625 0.171875
12 0.80078125 0.8921875 0.0734375 0.078125
15 0.571875 0.94765625 0.09375 0.1015625
1 0.44609375 0.903125 0.1546875 0.19375
5 0.0703125 0.978125 0.1125 0.04375