10 0.6203125 0.10546875 0.025 0.0328125
1 0.446875 0.921875 0.19375 0.15625
5 0.68984375 0.9703125 0.0671875 0.053125
13 0.21015625 0.9265625 0.0484375 0.046875
15 0.42265625 0.84765625 0.0109375 0.0015625
16 0.8125 0.80859375 0.04375 0.0421875
0 0.97421875 0.62578125 0.0515625 0.1234375
11 0.09375 0.621875 0.059375 0.059375
8 0.17578125 0.46171875 0.0890625 0.0765625
15 0.35859375 0.4140625 0.0546875 0.053125
13 0.4171875 0.38515625 0.046875 0.0453125
13 0.10859375 0.36796875 0.0484375 0.0453125
8 0.49765625 0.28984375 0.0859375 0.0640625
14 0.1671875 0.25234375 0.053125 0.0578125
0 0.25 0.2 0.08125 0.128125
14 0.92265625 0.2234375 0.0671875 0.053125
13 0.09765625 0.13203125 0.0453125 0.0515625
1 0.0421875 0.46328125 0.084375 0.1203125
4 0.5546875 0.48671875 0.15 0.0515625
5 0.29453125 0.3640625 0.0640625 0.034375
4 0.90234375 0.3203125 0.1359375 0.1
3 0.559375 0.31171875 0.05625 0.0828125
14 0.7359375 0.28828125 0.075 0.0546875