15 0.45703125 0.015625 0.0609375 0.03125
6 0.35234375 0.01640625 0.0640625 0.0328125
13 0.8390625 0.0171875 0.05625 0.034375
2 0.58515625 0.95546875 0.1609375 0.0890625
15 0.74453125 0.9921875 0.0515625 0.015625
5 0.27421875 0.89140625 0.0765625 0.0734375
15 0.92421875 0.89296875 0.0640625 0.0640625
15 0.33984375 0.859375 0.0640625 0.065625
3 0.0828125 0.83984375 0.0625 0.0984375
5 0.62578125 0.80546875 0.0703125 0.0796875
2 0.03515625 0.7671875 0.0703125 0.121875
6 0.35859375 0.71796875 0.1140625 0.0703125
8 0.97265625 0.6828125 0.0546875 0.103125
7 0.475 0.625 0.084375 0.078125
7 0.10625 0.6 0.065625 0.046875
8 0.70703125 0.54765625 0.0953125 0.1046875
11 0.39453125 0.2984375 0.0671875 0.071875
15 0.21484375 0.27265625 0.0640625 0.0640625
8 0.93359375 0.20546875 0.0453125 0.0609375
5 0.36484375 0.21015625 0.0734375 0.0453125
5 0.55859375 0.0984375 0.0578125 0.05625
4 0.0609375 0.9671875 0.121875 0.065625
2 0.67265625 0.86640625 0.1390625 0.1390625
7 0.9859375 0.9171875 0.028125 0.034375
4 0.47734375 0.8234375 0.0734375 0.175
9 0.9390625 0.75 0.121875 0.034375
3 0.5515625 0.521875 0.0875 0.09375
8 0.1171875 0.51171875 0.08125 0.1046875
6 0.84296875 0.5171875 0.1296875 0.05625
5 0.21796875 0.39140625 0.0765625 0.0609375
1 0.01171875 0.2859375 0.0234375 0.1
11 0.1265625 0.24921875 0.071875 0.0734375
6 0.47734375 0.2 0.1109375 0.084375
12 0.99140625 0.090625 0.0171875 0.046875