13 0.34609375 0.0140625 0.0453125 0.028125
13 0.8953125 0.0171875 0.05 0.034375
10 0.3140625 0.06015625 0.034375 0.0453125
3 0.15859375 0.04921875 0.0828125 0.0859375
14 0.440625 0.0953125 0.0375 0.065625
15 0.5359375 0.109375 0.03125 0.05625
16 0.915625 0.1671875 0.00625 0.003125
12 0.15078125 0.14921875 0.0484375 0.0421875
1 0.47890625 0.13046875 0.0828125 0.2046875
7 0.16015625 0.20859375 0.0671875 0.0734375
9 0.028125 0.2296875 0.05625 0.0375
9 0.1125 0.99296875 0.034375 0.0140625
16 0.3328125 0.978125 0.04375 0.04375
5 0.28203125 0.8890625 0.0671875 0.06875
13 0.875 0.85546875 0.05 0.0453125
14 0.9734375 0.834375 0.046875 0.06875
8 0.04453125 0.81640625 0.0859375 0.0609375
14 0.27421875 0.77109375 0.0765625 0.0515625
0 0.80859375 0.74453125 0.1015625 0.0890625
1 0.54609375 0.6703125 0.1109375 0.1875
5 0.528125 0.66796875 0.059375 0.0328125
4 0.003125 0.65546875 0.00625 0.0359375
10 0.67109375 0.640625 0.0359375 0.034375
16 0.99375 0.5390625 0.0125 0.040625
16 0.25703125 0.4796875 0.0421875 0.040625
14 0.396875 0.40703125 0.053125 0.0640625
3 0.1546875 0.38984375 0.090625 0.0953125
9 0.97734375 0.41015625 0.0453125 0.0546875
4 0.921875 0.20625 0.075 0.084375
4 0.5875 0.9234375 0.06875 0.153125
6 0.64609375 0.890625 0.0921875 0.115625
14 0.68828125 0.92265625 0.0421875 0.0515625
9 0.35078125 0.8171875 0.1296875 0.06875
2 0.04296875 0.77109375 0.0859375 0.0546875
7 0.86953125 0.73125 0.0828125 0.078125
6 0.39921875 0.63125 0.0703125 0.071875
12 0.5921875 0.63125 0.040625 0.04375
1 0.87578125 0.5109375 0.1453125 0.175
2 0.96875 0.5421875 0.0625 0.090625
7 0.42578125 0.4953125 0.0796875 0.04375
9 0.72265625 0.43359375 0.1140625 0.1015625