7 0.96953125 0.00078125 0.0046875 0.0015625
1 0.0109375 0.2203125 0.021875 0.053125
6 0.59765625 0.19921875 0.1421875 0.1015625
1 0.046875 0.24921875 0.06875 0.0140625
8 0.8953125 0.2546875 0.14375 0.140625
14 0.9484375 0.40703125 0.096875 0.0890625
1 0.07890625 0.39140625 0.1578125 0.2921875
5 0.7140625 0.49453125 0.090625 0.1234375
6 0.8015625 0.55625 0.190625 0.0625
4 0.98984375 0.56953125 0.0203125 0.0609375
0 0.275 0.55234375 0.215625 0.2078125
8 0.98828125 0.6296875 0.0234375 0.10625
1 0.06171875 0.615625 0.1234375 0.1625
16 0.315625 0.8484375 0.075 0.078125
0 0.48203125 0.9953125 0.0640625 0.009375