2 0.98125 0.009375 0.0375 0.01875
3 0.05625 0.0171875 0.09375 0.034375
8 0.209375 0.03671875 0.15625 0.0734375
3 0.57421875 0.1234375 0.0234375 0.059375
3 0.04921875 0.11484375 0.0984375 0.1453125
11 0.60546875 0.20234375 0.0953125 0.1046875
9 0.4625 0.2515625 0.234375 0.08125
16 0.01953125 0.28828125 0.0390625 0.0703125
2 0.734375 0.4875 0.25625 0.1375
9 0.9171875 0.6546875 0.165625 0.19375
8 0.153125 0.76796875 0.10625 0.1265625
13 0.7171875 0.825 0.071875 0.08125
5 0.3984375 0.82734375 0.10625 0.1109375
6 0.57109375 0.83046875 0.1828125 0.1515625
6 0.73046875 0.99453125 0.0578125 0.0109375
9 0.5953125 0.95859375 0.159375 0.0828125