13 0.89140625 0.00546875 0.0421875 0.0109375
1 0.99765625 0.03984375 0.0046875 0.0671875
5 0.09921875 0.1328125 0.0859375 0.071875
12 0.8890625 0.2015625 0.059375 0.05625
7 0.75390625 0.19765625 0.1078125 0.0734375
6 0.125 0.1984375 0.121875 0.0875
2 0.5578125 0.153125 0.140625 0.19375
3 0.95234375 0.234375 0.0953125 0.065625
4 0.31015625 0.31171875 0.0828125 0.1859375
5 0.66015625 0.46328125 0.0890625 0.0640625
1 0.83671875 0.3859375 0.1546875 0.259375
15 0.55703125 0.48828125 0.0703125 0.0703125
5 0.16953125 0.5203125 0.0859375 0.034375
2 0.9234375 0.46640625 0.109375 0.1515625
3 0.065625 0.65546875 0.11875 0.0734375
13 0.84375 0.703125 0.065625 0.0625
16 0.74140625 0.75625 0.0578125 0.05625
12 0.49609375 0.81171875 0.0515625 0.0671875
1 0.7609375 0.77265625 0.215625 0.2421875
6 0.00859375 0.91171875 0.0171875 0.0359375
9 0.853125 0.9734375 0.159375 0.053125
7 0.02890625 0.96328125 0.0578125 0.0734375