13 0.60546875 0.003125 0.0296875 0.00625
15 0.26015625 0.03984375 0.0671875 0.0703125
10 0.11796875 0.0875 0.0484375 0.04375
7 0.49609375 0.07109375 0.0671875 0.0859375
15 0.53359375 0.10234375 0.0578125 0.0703125
2 0.8234375 0.071875 0.09375 0.14375
3 0.48203125 0.16875 0.0953125 0.1
7 0.9515625 0.23515625 0.096875 0.0734375
9 0.35703125 0.2609375 0.1046875 0.075
12 0.95390625 0.41484375 0.0609375 0.0484375
15 0.30078125 0.4375 0.0703125 0.06875
4 0.4203125 0.4375 0.090625 0.171875
0 0.99921875 0.53984375 0.0015625 0.0015625
6 0.64921875 0.57265625 0.1109375 0.1171875
10 0.33203125 0.625 0.0390625 0.046875
0 0.553125 0.6046875 0.1 0.159375
2 0.13671875 0.78828125 0.1703125 0.0859375
13 0.4078125 0.86328125 0.053125 0.0578125
2 0.9484375 0.85859375 0.103125 0.1328125
3 0.11328125 0.8828125 0.0828125 0.090625
7 0.06171875 0.99921875 0.0015625 0.0015625