13 0.440625 0.02890625 0.05625 0.0578125
16 0.63828125 0.07265625 0.0484375 0.0546875
15 0.16328125 0.0765625 0.0703125 0.071875
6 0.228125 0.090625 0.09375 0.075
16 0.54140625 0.1265625 0.0515625 0.053125
8 0.790625 0.13359375 0.096875 0.0671875
6 0.25 0.18359375 0.09375 0.0890625
8 0.540625 0.28984375 0.090625 0.0890625
6 0.28984375 0.33203125 0.0765625 0.0984375
9 0.9359375 0.36015625 0.0625 0.1078125
16 0.85078125 0.43984375 0.0515625 0.0484375
13 0.09375 0.47109375 0.059375 0.0546875
4 0.01953125 0.46796875 0.0390625 0.1703125
1 0.40625 0.4875 0.16875 0.228125
4 0.009375 0.5875 0.01875 0.04375
16 0.43671875 0.6015625 0.0484375 0.03125
3 0.98671875 0.59375 0.0265625 0.065625
2 0.221875 0.6265625 0.11875 0.075
16 0.6453125 0.640625 0.05 0.05
1 0.81328125 0.5859375 0.0765625 0.215625
2 0.49765625 0.68203125 0.0609375 0.1671875
6 0.2625 0.809375 0.115625 0.10625
12 0.559375 0.84296875 0.05 0.0578125
7 0.9796875 0.8296875 0.040625 0.096875
13 0.4734375 0.91484375 0.05625 0.0578125
2 0.196875 0.92734375 0.06875 0.1140625