11 0.2609375 0.0203125 0.05 0.040625
15 0.47265625 0.03125 0.0578125 0.0625
7 0.9984375 0.140625 0.003125 0.01875
0 0.57109375 0.09609375 0.1265625 0.1140625
4 0.496875 0.98203125 0.05 0.0359375
4 0.73984375 0.9921875 0.0484375 0.015625
0 0.97109375 0.9921875 0.0578125 0.015625
11 0.0328125 0.928125 0.065625 0.06875
10 0.79375 0.8640625 0.0375 0.034375
10 0.17265625 0.79765625 0.0265625 0.0328125
0 0.9453125 0.7265625 0.0875 0.125
11 0.52890625 0.6328125 0.0671875 0.065625
3 0.37890625 0.5953125 0.0984375 0.090625
10 0.59140625 0.61015625 0.0390625 0.0328125
5 0.2296875 0.4859375 0.071875 0.059375
12 0.44765625 0.4546875 0.0453125 0.04375
6 0.40859375 0.4 0.0890625 0.10625
1 0.87890625 0.3140625 0.2015625 0.215625
5 0.13515625 0.3828125 0.0734375 0.0375
10 0.00078125 0.35390625 0.0015625 0.0015625
1 0.7875 0.2140625 0.18125 0.184375
3 0.10390625 0.21015625 0.0796875 0.0796875
7 0.9875 0.2140625 0.025 0.053125
16 0.00078125 0.20546875 0.0015625 0.0109375
1 0.8109375 0.0265625 0.08125 0.053125
11 0.36015625 0.06796875 0.0609375 0.0671875
12 0.0875 0.97890625 0.046875 0.0421875
5 0.15390625 0.93203125 0.0609375 0.0765625
3 0.26171875 0.88984375 0.0953125 0.0671875
7 0.06015625 0.81875 0.0921875 0.059375
11 0.33828125 0.74296875 0.0609375 0.0578125
9 0.1359375 0.6875 0.096875 0.0625
10 0.99609375 0.57734375 0.0078125 0.0296875
1 0.8921875 0.3890625 0.103125 0.184375
4 0.971875 0.3078125 0.05625 0.06875
7 0.10390625 0.27109375 0.0890625 0.0453125
9 0.1296875 0.16640625 0.065625 0.0578125