0 0.12890625 0.00390625 0.0640625 0.0078125
15 0.01875 0.01953125 0.0375 0.0390625
1 0.18828125 0.92734375 0.1296875 0.1453125
6 0.4 0.9484375 0.09375 0.103125
6 0.1796875 0.93671875 0.11875 0.0546875
0 0.16328125 0.78828125 0.1109375 0.1328125
14 0.63046875 0.8 0.0578125 0.084375
8 0.9296875 0.7328125 0.078125 0.0875
11 0.734375 0.73359375 0.06875 0.0671875
13 0.25546875 0.67890625 0.0484375 0.0515625
12 0.01484375 0.6640625 0.0296875 0.04375
8 0.3984375 0.603125 0.096875 0.096875
8 0.77734375 0.54140625 0.0546875 0.1015625
6 0.23828125 0.5421875 0.0765625 0.078125
6 0.48671875 0.534375 0.1015625 0.053125
7 0.46796875 0.2765625 0.0796875 0.075
0 0.84921875 0.2421875 0.0921875 0.128125
10 0.78125 0.25390625 0.034375 0.0453125
10 0.64453125 0.23125 0.0359375 0.0375
15 0.171875 0.13203125 0.059375 0.0609375
7 0.01015625 0.0703125 0.0203125 0.084375
14 0.00234375 0.9359375 0.0046875 0.025
6 0.48046875 0.86015625 0.0859375 0.1078125
2 0.06796875 0.8328125 0.0515625 0.159375
13 0.2640625 0.846875 0.053125 0.053125
3 0.06875 0.6765625 0.1 0.0625
2 0.90859375 0.5640625 0.1296875 0.13125
7 0.690625 0.3203125 0.08125 0.03125