9 0.6953125 0.02109375 0.040625 0.0421875
5 0.71640625 0.06796875 0.0671875 0.0703125
6 0.54921875 0.1109375 0.0828125 0.078125
11 0.64921875 0.128125 0.0609375 0.0625
6 0.990625 0.1640625 0.01875 0.065625
8 0.453125 0.20234375 0.084375 0.0796875
1 0.3046875 0.17578125 0.175 0.1921875
13 0.69765625 0.98984375 0.0296875 0.0203125
15 0.925 0.9171875 0.059375 0.059375
8 0.22421875 0.840625 0.0796875 0.078125
4 0.00546875 0.565625 0.0109375 0.05
15 0.67734375 0.55625 0.0484375 0.05625
3 0.7 0.34296875 0.08125 0.0515625
12 0.86875 0.3359375 0.04375 0.05
4 0.04140625 0.26171875 0.0828125 0.1421875
12 0.83125 0.0265625 0.046875 0.04375
12 0.44453125 0.053125 0.0484375 0.04375
2 0.6375 0.97265625 0.1375 0.0546875
6 0.74453125 0.98515625 0.0640625 0.0296875
15 0.8546875 0.9703125 0.040625 0.059375
4 0.265625 0.959375 0.075 0.046875
6 0.71484375 0.834375 0.0828125 0.1
1 0.46171875 0.76328125 0.1015625 0.2046875
14 0.0125 0.76640625 0.025 0.0515625
16 0.27109375 0.734375 0.0421875 0.040625
3 0.8453125 0.6140625 0.096875 0.071875
3 0.603125 0.50078125 0.05625 0.0828125
2 0.06640625 0.24296875 0.1328125 0.1109375