5 0.8421875 0.01171875 0.096875 0.0234375
3 0.50546875 0.27578125 0.1421875 0.1359375
5 0.56171875 0.3859375 0.1234375 0.053125
1 0.75859375 0.296875 0.3953125 0.359375
12 0.00625 0.54453125 0.0125 0.0609375
3 0.528125 0.515625 0.10625 0.15625
1 0.80859375 0.490625 0.3828125 0.334375
13 0.8421875 0.64453125 0.053125 0.0328125
3 0.603125 0.5953125 0.125 0.184375
6 0.9265625 0.68203125 0.146875 0.1734375
0 0.740625 0.7421875 0.290625 0.209375
14 0.95390625 0.865625 0.0921875 0.146875
13 0.2546875 0.90234375 0.09375 0.0921875
5 0.75625 0.95703125 0.13125 0.0859375