6 0.01171875 0.04609375 0.0234375 0.0796875
5 0.56875 0.06640625 0.0625 0.0484375
13 0.2203125 0.18828125 0.05 0.0484375
4 0.68125 0.96953125 0.090625 0.0609375
1 0.84921875 0.9671875 0.1953125 0.065625
2 0.15390625 0.79453125 0.1453125 0.1265625
10 0.98046875 0.78984375 0.0359375 0.0296875
13 0.71796875 0.73515625 0.0390625 0.0390625
13 0.06875 0.72109375 0.05 0.0453125
3 0.9765625 0.6453125 0.046875 0.078125
16 0.571875 0.60546875 0.0375 0.0390625
8 0.93046875 0.58828125 0.0796875 0.0703125
4 0.59453125 0.54765625 0.0671875 0.0890625
11 0.1234375 0.53359375 0.065625 0.0609375
4 0.7640625 0.45 0.053125 0.11875
0 0.35625 0.34375 0.121875 0.125
13 0.6515625 0.33828125 0.046875 0.0484375
13 0.01484375 0.3359375 0.0296875 0.04375
9 0.93984375 0.25078125 0.1203125 0.0453125
2 0.24375 0.01640625 0.071875 0.0328125
2 0.975 0.0921875 0.05 0.14375
2 0.34921875 0.96015625 0.1234375 0.0796875
8 0.58359375 0.97109375 0.0953125 0.0578125
3 0.9625 0.83984375 0.06875 0.0984375
14 0.671875 0.85703125 0.065625 0.0546875
12 0.034375 0.82421875 0.046875 0.0421875
6 0.31875 0.7515625 0.103125 0.08125
2 0.0484375 0.66875 0.096875 0.121875
9 0.00703125 0.5515625 0.0140625 0.009375
1 0.75078125 0.3765625 0.1171875 0.171875
9 0.234375 0.33125 0.075 0.121875
16 0.37890625 0.2796875 0.0421875 0.04375
11 0.57109375 0.24140625 0.0578125 0.0640625
5 0.12421875 0.21328125 0.0671875 0.0671875