4 0.078125 0.01015625 0.046875 0.0203125
5 0.8671875 0.09296875 0.08125 0.0390625
7 0.16328125 0.0765625 0.0984375 0.078125
0 0.1046875 0.06640625 0.153125 0.1328125
11 0.53515625 0.1546875 0.0703125 0.078125
3 0.6984375 0.1390625 0.06875 0.115625
11 0.13828125 0.20234375 0.0765625 0.0703125
7 0.50625 0.25 0.09375 0.084375
8 0.4640625 0.41015625 0.0625 0.0515625
5 0.865625 0.41953125 0.0875 0.0859375
16 0.9953125 0.5015625 0.009375 0.034375
6 0.06171875 0.51796875 0.1234375 0.0734375
15 0.88984375 0.540625 0.0703125 0.0625
9 0.31640625 0.51484375 0.1453125 0.1203125
6 0.446875 0.59921875 0.1125 0.0421875
4 0.6703125 0.79296875 0.175 0.1078125
2 0.3515625 0.775 0.08125 0.171875
10 0.46640625 0.9125 0.0421875 0.046875
3 0.0390625 0.91640625 0.078125 0.1203125
0 0.60546875 0.93515625 0.1546875 0.1109375
1 0.9125 0.89296875 0.134375 0.2078125
3 0.9828125 0.94140625 0.034375 0.1140625
2 0.92578125 0.93046875 0.1046875 0.1390625
3 0.73828125 0.946875 0.0796875 0.10625
1 0.19453125 0.92734375 0.1734375 0.1453125