13 0.46484375 0.02734375 0.0296875 0.0546875
15 0.39609375 0.0671875 0.0703125 0.075
15 0.6046875 0.07578125 0.06875 0.0734375
4 0.0375 0.0890625 0.075 0.178125
8 0.88359375 0.1578125 0.1015625 0.078125
13 0.1671875 0.175 0.05625 0.059375
3 0.78203125 0.159375 0.0734375 0.115625
14 0.52734375 0.2 0.0640625 0.090625
16 0.36171875 0.240625 0.0546875 0.053125
10 0.7671875 0.2484375 0.04375 0.04375
2 0.12890625 0.22421875 0.1765625 0.1921875
4 0.91953125 0.271875 0.0859375 0.165625
6 0.04375 0.32890625 0.0875 0.1328125
3 0.9171875 0.38359375 0.06875 0.0734375
16 0.01796875 0.41484375 0.0359375 0.0546875
3 0.6421875 0.50078125 0.065625 0.0953125
8 0.38671875 0.4890625 0.1234375 0.121875
11 0.66015625 0.60859375 0.0765625 0.0765625
15 0.6390625 0.73359375 0.06875 0.0703125
7 0.7328125 0.746875 0.078125 0.084375
15 0.71796875 0.81171875 0.0703125 0.0671875
4 0.0625 0.825 0.125 0.11875
13 0.77109375 0.99140625 0.0484375 0.0171875