14 0.975 0.05 0.05 0.0625
4 0.025 0.04296875 0.05 0.0859375
14 0.434375 0.1109375 0.096875 0.078125
3 0.1765625 0.10625 0.090625 0.140625
5 0.271875 0.29453125 0.090625 0.0953125
7 0.9859375 0.32421875 0.028125 0.0546875
10 0.6328125 0.409375 0.053125 0.053125
14 0.12265625 0.49921875 0.0765625 0.0734375
2 0.83984375 0.4703125 0.0953125 0.203125
8 0.1859375 0.6953125 0.153125 0.146875
4 0.38671875 0.68984375 0.1328125 0.1828125
5 0.78828125 0.78984375 0.0984375 0.0671875
7 0.72421875 0.8796875 0.1015625 0.090625
10 0.88203125 0.946875 0.0578125 0.05625
0 0.728125 0.95234375 0.2 0.0953125
13 0.2296875 0.9890625 0.0625 0.021875