7 0.7328125 0.02734375 0.05 0.0546875
0 0.42421875 0.0453125 0.1671875 0.090625
4 0.6484375 0.053125 0.090625 0.10625
6 0.6375 0.08984375 0.053125 0.0703125
6 0.2015625 0.1625 0.1 0.08125
1 0.56484375 0.12734375 0.1796875 0.2421875
3 0.3875 0.19453125 0.08125 0.1171875
5 0.96171875 0.25859375 0.0359375 0.0703125
12 0.25546875 0.3078125 0.0671875 0.053125
9 0.84296875 0.37890625 0.1609375 0.0546875
6 0.534375 0.4484375 0.071875 0.0875
15 0.78984375 0.4921875 0.0734375 0.071875
16 0.37421875 0.53203125 0.0140625 0.0453125
12 0.8640625 0.6203125 0.053125 0.05625
8 0.96796875 0.62578125 0.0640625 0.0984375
0 0.37578125 0.66015625 0.1078125 0.1484375
12 0.67109375 0.71875 0.0578125 0.05
6 0.2046875 0.7078125 0.13125 0.103125
2 0.30390625 0.69140625 0.0828125 0.1546875
6 0.44140625 0.74921875 0.0921875 0.0828125
8 0.103125 0.7984375 0.13125 0.11875
7 0.01015625 0.89296875 0.0203125 0.0328125
9 0.96640625 0.9625 0.0671875 0.028125
6 0.38984375 0.9640625 0.1203125 0.071875
14 0.2875 0.984375 0.065625 0.03125
4 0.1078125 0.965625 0.065625 0.06875