6 0.16015625 0.015625 0.0421875 0.03125
12 0.95234375 0.10703125 0.0421875 0.0328125
11 0.70234375 0.11640625 0.0609375 0.0640625
6 0.6453125 0.196875 0.103125 0.075
14 0.5828125 0.26328125 0.0625 0.0609375
6 0.18671875 0.98515625 0.0984375 0.0296875
8 0.403125 0.9984375 0.025 0.003125
14 0.61328125 0.978125 0.0515625 0.04375
1 0.903125 0.9375 0.125 0.125
0 0.92734375 0.93203125 0.0828125 0.1296875
1 0.32421875 0.86015625 0.1578125 0.1828125
0 0.3375 0.8359375 0.075 0.128125
3 0.40625 0.865625 0.078125 0.053125
0 0.13125 0.81484375 0.0875 0.1234375
10 0.7828125 0.85859375 0.03125 0.0359375
14 0.39609375 0.81953125 0.0015625 0.0015625
10 0.3984375 0.7375 0.0375 0.034375
7 0.4328125 0.67109375 0.05625 0.0703125
16 0.84453125 0.68359375 0.0421875 0.0421875
2 0.96015625 0.628125 0.0796875 0.134375
8 0.99453125 0.58828125 0.0109375 0.0703125
11 0.515625 0.5671875 0.05625 0.053125
13 0.175 0.57109375 0.046875 0.0328125
10 0.2421875 0.49296875 0.040625 0.0359375
9 0.0046875 0.415625 0.009375 0.0125
6 0.38984375 0.04921875 0.0640625 0.0984375
13 0.6171875 0.12265625 0.046875 0.0453125
7 0.47109375 0.20546875 0.0734375 0.0484375
7 0.1671875 0.2078125 0.0625 0.0625
3 0.78671875 0.2015625 0.0671875 0.090625
1 0.125 0.1625 0.065625 0.171875
6 0.12578125 0.28125 0.1078125 0.053125
14 0.65546875 0.29765625 0.0671875 0.0484375
12 0.2484375 0.96875 0.040625 0.04375
12 0.846875 0.9078125 0.053125 0.04375
9 0.9703125 0.78359375 0.059375 0.0703125
3 0.671875 0.77890625 0.090625 0.0609375
4 0.89453125 0.4265625 0.0515625 0.14375
5 0.24453125 0.4125 0.0484375 0.065625
2 0.06328125 0.3078125 0.1265625 0.103125
1 0.93671875 0.23046875 0.1265625 0.1921875