13 0.503125 0.00078125 0.003125 0.0015625
2 0.05078125 0.1171875 0.1015625 0.1875
7 0.8859375 0.2109375 0.1 0.115625
11 0.1359375 0.25078125 0.065625 0.0671875
12 0.00703125 0.4125 0.0140625 0.04375
5 0.11484375 0.4359375 0.0984375 0.040625
14 0.553125 0.52890625 0.08125 0.0734375
10 0.46796875 0.5640625 0.0453125 0.05
11 0.85078125 0.57265625 0.0765625 0.0765625
8 0.49140625 0.73515625 0.1171875 0.1359375
11 0.996875 0.8734375 0.00625 0.05
6 0.11171875 0.92578125 0.1296875 0.1203125
7 0.3546875 0.9875 0.0375 0.025
4 0.2265625 0.94375 0.071875 0.1125