13 0.87265625 0.01171875 0.0671875 0.0234375
9 0.3140625 0.0234375 0.109375 0.046875
11 0.4765625 0.0265625 0.0875 0.053125
0 0.99609375 0.0546875 0.0078125 0.0625
16 0.2421875 0.10546875 0.0625 0.0671875
16 0.42109375 0.1109375 0.0640625 0.06875
14 0.09453125 0.1203125 0.0796875 0.096875
7 0.73046875 0.23515625 0.1296875 0.0890625
12 0.0609375 0.25703125 0.071875 0.0640625
14 0.32265625 0.2984375 0.0953125 0.084375
7 0.96640625 0.315625 0.0671875 0.0875
6 0.071875 0.3515625 0.140625 0.096875
1 0.0734375 0.39453125 0.146875 0.2765625
9 0.98828125 0.74375 0.0234375 0.025
1 0.87734375 0.60078125 0.2453125 0.3140625
2 0.1390625 0.75859375 0.178125 0.2015625
5 0.40703125 0.8296875 0.0671875 0.09375
3 0.6140625 0.92109375 0.134375 0.1109375