16 0.3671875 0.03046875 0.059375 0.0609375
6 0.60546875 0.0640625 0.1453125 0.128125
9 0.34296875 0.14296875 0.1546875 0.0609375
13 0.56875 0.15625 0.065625 0.06875
13 0.10234375 0.19921875 0.0640625 0.0609375
9 0.3828125 0.221875 0.190625 0.0875
16 0.671875 0.30625 0.059375 0.0625
9 0.60859375 0.37734375 0.1359375 0.0828125
1 0.9390625 0.41328125 0.121875 0.1046875
2 0.371875 0.371875 0.18125 0.19375
16 0.78203125 0.46328125 0.0640625 0.0609375
10 0.8015625 0.56953125 0.046875 0.0328125
10 0.0109375 0.56328125 0.021875 0.0484375
9 0.91171875 0.5734375 0.1046875 0.053125
11 0.3703125 0.65234375 0.084375 0.0890625
1 0.253125 0.59296875 0.15625 0.2453125
3 0.02890625 0.7515625 0.0578125 0.134375
11 0.96875 0.80390625 0.0625 0.0890625
4 0.4828125 0.7875 0.18125 0.1875
2 0.58828125 0.8015625 0.1640625 0.20625
1 0.14296875 0.803125 0.2609375 0.28125
1 0.03671875 0.9296875 0.0734375 0.134375
0 0.5890625 0.97265625 0.075 0.0546875
4 0.38046875 0.934375 0.1265625 0.13125
9 0.0796875 0.99296875 0.0125 0.0140625