12 0.2703125 0.0109375 0.046875 0.021875
15 0.5859375 0.01953125 0.059375 0.0390625
3 0.3453125 0.8609375 0.090625 0.096875
8 0.16015625 0.83671875 0.1109375 0.1109375
8 0.84140625 0.81640625 0.1109375 0.0890625
9 0.9703125 0.76328125 0.059375 0.0890625
0 0.7203125 0.6515625 0.146875 0.14375
5 0.35 0.53046875 0.05 0.0296875
10 0.04609375 0.49453125 0.0421875 0.0390625
4 0.6578125 0.30390625 0.08125 0.1609375
2 0.521875 0.3140625 0.14375 0.090625
11 0.9859375 0.32109375 0.028125 0.0640625
1 0.0578125 0.23359375 0.115625 0.2140625
8 0.25703125 0.23046875 0.0859375 0.0953125
8 0.11875 0.20234375 0.1125 0.1015625
14 0.9265625 0.2078125 0.05 0.0875
10 0.059375 0.1765625 0.0375 0.034375
5 0.6859375 0.10859375 0.075 0.0421875
3 0.9390625 0.03828125 0.084375 0.0765625
1 0.50390625 0.971875 0.0859375 0.05625
12 0.203125 0.94765625 0.05 0.0546875
1 0.45546875 0.634375 0.0796875 0.196875
9 0.14765625 0.65859375 0.0984375 0.1015625
9 0.71796875 0.59453125 0.0828125 0.0515625
16 0.175 0.44609375 0.046875 0.0453125