11 0.02734375 0.1734375 0.0546875 0.071875
3 0.778125 0.17890625 0.1 0.0953125
10 0.9640625 0.2328125 0.04375 0.04375
10 0.29375 0.2359375 0.0375 0.04375
16 0.721875 0.3375 0.05 0.05
4 0.2140625 0.36015625 0.1125 0.1265625
0 0.05078125 0.37421875 0.1015625 0.1234375
13 0.43515625 0.45703125 0.0546875 0.0546875
2 0.85703125 0.39921875 0.0890625 0.1796875
12 0.4140625 0.5046875 0.05 0.046875
4 0.53515625 0.46875 0.0953125 0.16875
0 0.02109375 0.515625 0.0421875 0.13125
3 0.9875 0.56875 0.025 0.065625
3 0.17890625 0.640625 0.1109375 0.0625
13 0.53984375 0.6828125 0.0546875 0.05625
6 0.1546875 0.68828125 0.121875 0.0859375
6 0.75234375 0.7671875 0.1046875 0.11875
0 0.296875 0.83515625 0.103125 0.1671875
15 0.81875 0.90234375 0.06875 0.0703125
10 0.22890625 0.96953125 0.0390625 0.0421875
11 0.86015625 0.96328125 0.0796875 0.0734375
4 0.26015625 0.93125 0.1046875 0.1375