13 0.9171875 0.00625 0.025 0.0125
15 0.2578125 0.0203125 0.05625 0.040625
0 0.1875 0.09375 0.090625 0.09375
11 0.15703125 0.1375 0.0640625 0.065625
0 0.4578125 0.17421875 0.121875 0.1203125
5 0.0171875 0.23671875 0.034375 0.0296875
3 0.146875 0.2671875 0.084375 0.05625
6 0.29765625 0.99140625 0.1046875 0.0171875
13 0.97734375 0.984375 0.0453125 0.03125
12 0.94296875 0.95078125 0.0484375 0.0484375
0 0.9859375 0.91484375 0.028125 0.1015625
10 0.0171875 0.903125 0.034375 0.0375
13 0.1328125 0.74140625 0.05 0.0484375
14 0.23203125 0.72734375 0.0796875 0.0546875
10 0.29765625 0.6421875 0.0328125 0.040625
14 0.98125 0.63203125 0.0375 0.0515625
1 0.6828125 0.41640625 0.11875 0.2078125
7 0.215625 0.46171875 0.084375 0.0828125
12 0.45234375 0.4796875 0.0421875 0.040625
15 0.59453125 0.45703125 0.0546875 0.0546875
16 0.70546875 0.46328125 0.0328125 0.0421875
0 0.3046875 0.3578125 0.0875 0.11875
5 0.003125 0.36328125 0.00625 0.0328125
15 0.19609375 0.315625 0.0578125 0.05
14 0.73828125 0.0640625 0.0515625 0.084375
4 0.3453125 0.08515625 0.13125 0.0796875
6 0.07109375 0.08359375 0.0796875 0.0921875
12 0.803125 0.184375 0.05 0.04375
9 0.3890625 0.96953125 0.109375 0.0609375
7 0.728125 0.87421875 0.08125 0.0546875
7 0.93359375 0.8421875 0.0890625 0.078125
1 0.76640625 0.4203125 0.0828125 0.178125
9 0.8328125 0.43359375 0.0875 0.0296875
3 0.55390625 0.403125 0.0796875 0.0625