8 0.20390625 0.0484375 0.1390625 0.090625
6 0.46875 0.0484375 0.140625 0.096875
5 0.83515625 0.0703125 0.1015625 0.103125
6 0.053125 0.06171875 0.10625 0.1234375
0 0.034375 0.1734375 0.06875 0.109375
5 0.9796875 0.21484375 0.040625 0.0671875
13 0.2203125 0.28203125 0.071875 0.0671875
2 0.75234375 0.20703125 0.1109375 0.2203125
3 0.565625 0.33125 0.096875 0.140625
4 0.1375 0.34375 0.11875 0.115625
4 0.83828125 0.34609375 0.1140625 0.2171875
15 0.70625 0.43515625 0.084375 0.0828125
10 0.36875 0.46640625 0.059375 0.0515625
6 0.546875 0.43203125 0.14375 0.1234375
15 0.98828125 0.52578125 0.0234375 0.0703125
1 0.73984375 0.75546875 0.1828125 0.2328125
0 0.96640625 0.8703125 0.0671875 0.19375