2 0.00390625 0.09609375 0.0078125 0.0078125
11 0.67578125 0.06796875 0.0765625 0.0921875
4 0.0875 0.15 0.109375 0.153125
11 0.2234375 0.2390625 0.0875 0.08125
4 0.6578125 0.3078125 0.1 0.0875
9 0.39921875 0.30859375 0.0640625 0.1796875
4 0.7859375 0.34921875 0.14375 0.1109375
8 0.175 0.4015625 0.121875 0.125
13 0.95078125 0.434375 0.0671875 0.0625
14 0.3015625 0.4375 0.08125 0.1
4 0.434375 0.478125 0.146875 0.20625
16 0.5796875 0.57109375 0.05 0.0578125
10 0.37421875 0.5953125 0.0453125 0.04375
0 0.503125 0.5859375 0.121875 0.159375
5 0.6109375 0.67265625 0.09375 0.0515625
15 0.1328125 0.8 0.08125 0.08125
6 0.2703125 0.87109375 0.096875 0.0984375
3 0.4140625 0.884375 0.09375 0.13125
6 0.678125 0.940625 0.125 0.078125
1 0.55546875 0.92578125 0.1640625 0.1484375
7 0.18515625 0.9796875 0.0859375 0.040625
14 0.07890625 0.99453125 0.0765625 0.0109375