2 0.309375 0.00859375 0.040625 0.0171875
16 0.05703125 0.0109375 0.0546875 0.021875
9 0.634375 0.15859375 0.09375 0.0390625
13 0.36875 0.1859375 0.059375 0.05625
8 0.11328125 0.19296875 0.1109375 0.0953125
0 0.50078125 0.1703125 0.1015625 0.15625
6 0.11328125 0.3265625 0.1078125 0.11875
13 0.090625 0.44921875 0.0625 0.0578125
9 0.8984375 0.4609375 0.140625 0.10625
6 0.43671875 0.51171875 0.1140625 0.1046875
3 0.95546875 0.52890625 0.0640625 0.1015625
16 0.3421875 0.5578125 0.053125 0.046875
0 0.46953125 0.60625 0.1515625 0.1625
0 0.3796875 0.6328125 0.16875 0.115625
7 0.5984375 0.69296875 0.090625 0.0828125
4 0.07578125 0.65234375 0.1296875 0.1671875
9 0.9453125 0.6765625 0.109375 0.121875
15 0.85 0.73828125 0.06875 0.0359375
16 0.5828125 0.7734375 0.053125 0.053125
12 0.03671875 0.78125 0.0671875 0.05
15 0.11171875 0.90078125 0.0734375 0.0734375
4 0.20859375 0.8515625 0.1046875 0.184375
13 0.66875 0.93828125 0.059375 0.0609375
6 0.5453125 0.9875 0.08125 0.025
10 0.34609375 0.99296875 0.0359375 0.0140625