6 0.93046875 0.0140625 0.1078125 0.028125
16 0.003125 0.09375 0.00625 0.021875
0 0.9703125 0.07421875 0.059375 0.1390625
3 0.49296875 0.12421875 0.0828125 0.0828125
7 0.4 0.996875 0.015625 0.00625
11 0.76875 0.98671875 0.0625 0.0265625
13 0.403125 0.96640625 0.046875 0.0484375
1 0.08203125 0.88984375 0.1640625 0.1359375
16 0.33125 0.8890625 0.040625 0.04375
12 0.7171875 0.8671875 0.040625 0.05
0 0.16796875 0.77890625 0.0890625 0.1171875
0 0.67890625 0.65390625 0.1140625 0.1296875
11 0.64609375 0.66015625 0.0515625 0.0546875
15 0.58671875 0.584375 0.0546875 0.053125
12 0.08125 0.578125 0.04375 0.053125
6 0.47265625 0.55390625 0.0546875 0.0859375
0 0.24375 0.515625 0.13125 0.121875
1 0.85390625 0.36875 0.1453125 0.159375
10 0.696875 0.40390625 0.03125 0.0328125
4 0.0234375 0.32578125 0.046875 0.0765625
9 0.19453125 0.29921875 0.0796875 0.0453125
3 0.75390625 0.23046875 0.0515625 0.0703125
1 0.60078125 0.16484375 0.1640625 0.1765625
3 0.47421875 0.971875 0.0484375 0.05625
13 0.66796875 0.971875 0.0453125 0.046875
9 0.6125 0.903125 0.053125 0.053125
6 0.84609375 0.8484375 0.1046875 0.053125
12 0.08828125 0.86328125 0.0140625 0.0078125
4 0.5796875 0.7984375 0.0875 0.134375
14 0.2640625 0.82265625 0.075 0.0515625
5 0.6546875 0.796875 0.065625 0.04375
1 0.06484375 0.71796875 0.1296875 0.1734375
2 0.746875 0.71875 0.071875 0.128125
4 0.128125 0.60078125 0.05625 0.1421875
16 0.36875 0.56796875 0.04375 0.0421875
12 0.60625 0.23046875 0.040625 0.0359375