3 0.54140625 0.08046875 0.0296875 0.0859375
16 0.7625 0.11953125 0.04375 0.0453125
0 0.0546875 0.1375 0.109375 0.103125
10 0.43046875 0.19921875 0.0328125 0.0390625
9 0.9375 0.21328125 0.125 0.0421875
2 0.30390625 0.9953125 0.0671875 0.009375
7 0.84765625 0.95703125 0.0859375 0.0390625
10 0.859375 0.88515625 0.0375 0.0390625
2 0.1875 0.70703125 0.078125 0.1078125
16 0.58515625 0.71875 0.0421875 0.04375
15 0.98125 0.6484375 0.0375 0.05625
1 0.22109375 0.55625 0.1578125 0.21875
11 0.703125 0.621875 0.065625 0.065625
4 0.828125 0.49453125 0.065625 0.1265625
3 0.890625 0.49296875 0.06875 0.0921875
8 0.328125 0.27734375 0.103125 0.0796875
11 0.9578125 0.29375 0.065625 0.040625
4 0.6875 0.22109375 0.1 0.1328125
12 0.75625 0.00078125 0.009375 0.0015625
7 0.09609375 0.1421875 0.0328125 0.078125
1 0.1796875 0.12890625 0.140625 0.2015625
2 0.03984375 0.88984375 0.0796875 0.1578125
14 0.70546875 0.92265625 0.0765625 0.0578125
3 0.99921875 0.91171875 0.0015625 0.0078125
3 0.25703125 0.8015625 0.0859375 0.090625
6 0.0125 0.77421875 0.025 0.0390625
4 0.41796875 0.6984375 0.1328125 0.071875
9 0.80390625 0.659375 0.0390625 0.05625
11 0.01015625 0.61875 0.0203125 0.05625
7 0.59921875 0.5421875 0.0578125 0.0375
4 0.7265625 0.44140625 0.084375 0.0796875
9 0.35078125 0.3984375 0.0609375 0.05
16 0.428125 0.34296875 0.04375 0.0421875