6 0.65390625 0.0421875 0.1578125 0.084375
12 0.85078125 0.13671875 0.0796875 0.0765625
12 0.61640625 0.17109375 0.0890625 0.0734375
8 0.35 0.153125 0.1625 0.159375
15 0.21171875 0.309375 0.1015625 0.1
4 0.940625 0.25390625 0.11875 0.2203125
5 0.45859375 0.3328125 0.1171875 0.09375
6 0.65078125 0.45234375 0.1703125 0.1796875
3 0.27265625 0.634375 0.1515625 0.10625
4 0.99296875 0.70546875 0.0140625 0.0265625
6 0.51640625 0.73984375 0.1390625 0.1484375
1 0.02109375 0.71953125 0.0421875 0.2828125
3 0.18359375 0.78515625 0.1046875 0.1671875
12 0.96484375 0.93203125 0.0703125 0.0890625
0 0.328125 0.959375 0.1625 0.08125