0 0.23203125 0.009375 0.1203125 0.01875
8 0.13359375 0.9984375 0.0015625 0.003125
6 0.25390625 0.9859375 0.0921875 0.028125
0 0.98359375 0.9703125 0.0328125 0.059375
4 0.70859375 0.78125 0.1109375 0.1125
3 0.178125 0.7203125 0.109375 0.09375
14 0.31875 0.73203125 0.05625 0.0578125
3 0.6421875 0.509375 0.05625 0.0875
8 0.42265625 0.434375 0.0640625 0.090625
14 0.9609375 0.40625 0.078125 0.065625
15 0.8546875 0.37109375 0.05625 0.0609375
9 0.9046875 0.27890625 0.0625 0.1484375
10 0.82265625 0.27265625 0.0390625 0.0390625
1 0.18125 0.1328125 0.165625 0.203125
1 0.99375 0.13125 0.0125 0.15625
9 0.28125 0.1265625 0.11875 0.1125
5 0.82109375 0.10546875 0.0546875 0.0765625
7 0.021875 0.0796875 0.04375 0.084375
11 0.35078125 0.02734375 0.0640625 0.0546875
7 0.9703125 0.9078125 0.059375 0.059375
9 0.575 0.88203125 0.10625 0.0390625
7 0.33359375 0.840625 0.0640625 0.08125
6 0.121875 0.684375 0.09375 0.1125
4 0.734375 0.35078125 0.103125 0.0828125
5 0.440625 0.353125 0.04375 0.0375
15 0.98359375 0.23828125 0.0328125 0.0640625
2 0.63515625 0.05625 0.1546875 0.1125