14 0.7734375 0.0078125 0.05625 0.015625
1 0.659375 0.01171875 0.046875 0.0234375
2 0.3421875 0.11015625 0.1875 0.1890625
7 0.53828125 0.2453125 0.1109375 0.08125
11 0.72421875 0.2953125 0.0921875 0.09375
10 0.6515625 0.35546875 0.059375 0.0453125
0 0.10390625 0.315625 0.2078125 0.14375
10 0.53203125 0.36171875 0.0515625 0.0546875
8 0.95546875 0.43671875 0.0890625 0.1140625
9 0.20078125 0.5015625 0.2203125 0.10625
2 0.07890625 0.528125 0.1578125 0.171875
6 0.315625 0.6625 0.1 0.1375
1 0.55390625 0.69921875 0.2359375 0.2515625
14 0.25859375 0.79921875 0.0578125 0.1078125
16 0.01171875 0.8234375 0.0234375 0.059375
7 0.77109375 0.83125 0.1296875 0.13125
11 0.5296875 0.9203125 0.090625 0.096875
7 0.48125 0.99375 0.03125 0.0125