2 0.99140625 0.04765625 0.0171875 0.0078125
1 0.1453125 0.03671875 0.25625 0.0734375
11 0.85703125 0.03828125 0.1203125 0.0765625
7 0.5703125 0.08125 0.134375 0.140625
16 0.13671875 0.13671875 0.0859375 0.0796875
11 0.39765625 0.28984375 0.1203125 0.1234375
3 0.959375 0.3890625 0.08125 0.1875
6 0.009375 0.52421875 0.01875 0.0765625
6 0.54609375 0.6171875 0.1703125 0.11875
4 0.846875 0.65625 0.221875 0.1625
3 0.68671875 0.77578125 0.1984375 0.1515625
4 0.79375 0.77421875 0.153125 0.2921875
5 0.9390625 0.97421875 0.121875 0.0515625
13 0.56640625 0.9546875 0.0890625 0.090625