14 0.8296875 0.07109375 0.059375 0.0890625
5 0.090625 0.1 0.053125 0.075
0 0.2578125 0.97265625 0.09375 0.0546875
1 0.68359375 0.97265625 0.0796875 0.0546875
14 0.996875 0.996875 0.00625 0.00625
3 0.10390625 0.9140625 0.0984375 0.115625
0 0.99765625 0.9375 0.0046875 0.0375
0 0.9359375 0.878125 0.128125 0.15
10 0.07890625 0.7703125 0.0453125 0.0375
1 0.46875 0.553125 0.125 0.203125
10 0.859375 0.61796875 0.04375 0.0359375
0 0.55234375 0.559375 0.1296875 0.14375
11 0.1015625 0.49375 0.065625 0.0625
8 0.02421875 0.3203125 0.0484375 0.0875
1 0.37890625 0.12734375 0.2140625 0.1453125
1 0.00078125 0.1484375 0.0015625 0.003125
14 0.73515625 0.01953125 0.0578125 0.0390625
4 0.91328125 0.02578125 0.1234375 0.0515625
7 0.7390625 0.9796875 0.0375 0.040625
1 0.17578125 0.66484375 0.2203125 0.1828125
6 0.34453125 0.4984375 0.1171875 0.115625
12 0.93984375 0.5265625 0.0484375 0.05625
7 0.30703125 0.365625 0.0640625 0.078125
10 0.99296875 0.19765625 0.0140625 0.0359375