16 0.48046875 0.04453125 0.0421875 0.0453125
0 0.075 0.06328125 0.08125 0.1265625
8 0.13203125 0.08046875 0.0609375 0.0984375
16 0.359375 0.19765625 0.04375 0.0421875
1 0.65625 0.1640625 0.15625 0.15625
16 0.5890625 0.98046875 0.040625 0.0390625
16 0.5484375 0.9609375 0.04375 0.046875
16 0.9046875 0.92890625 0.04375 0.0421875
0 0.859375 0.84140625 0.125 0.1046875
9 0.2875 0.853125 0.09375 0.075
5 0.4921875 0.8109375 0.065625 0.053125
0 0.759375 0.73828125 0.1125 0.1296875
5 0.60703125 0.74453125 0.0390625 0.0453125
12 0.12578125 0.68125 0.0421875 0.04375
2 0.61640625 0.575 0.1234375 0.1375
14 0.5640625 0.56640625 0.04375 0.0390625
1 0.2484375 0.45 0.096875 0.20625
6 0.43359375 0.509375 0.0859375 0.08125
14 0.478125 0.48125 0.05 0.05
5 0.53984375 0.44140625 0.0671875 0.0640625
8 0.11796875 0.425 0.0890625 0.078125
15 0.73359375 0.4109375 0.0546875 0.05625
1 0.89140625 0.36015625 0.1578125 0.0671875
15 0.4625 0.3546875 0.053125 0.053125
14 0.6625 0.33671875 0.075 0.0515625
10 0.80390625 0.3234375 0.0359375 0.034375
3 0.6265625 0.0109375 0.01875 0.021875
12 0.83359375 0.08046875 0.0453125 0.0453125
7 0.23828125 0.0921875 0.0796875 0.0625
2 0.590625 0.0671875 0.096875 0.134375
1 0.93671875 0.1296875 0.1265625 0.109375
6 0.478125 0.1859375 0.096875 0.05
5 0.97578125 0.9046875 0.0484375 0.06875
3 0.2609375 0.7265625 0.059375 0.0875
15 0.4421875 0.64765625 0.05625 0.0546875
2 0.890625 0.50625 0.146875 0.11875
9 0.64140625 0.44921875 0.0703125 0.1140625
2 0.11328125 0.321875 0.1515625 0.109375
7 0.99296875 0.28125 0.0140625 0.065625