4 0.45234375 0.015625 0.0546875 0.03125
2 0.8390625 0.01875 0.071875 0.0375
13 0.32890625 0.0734375 0.0703125 0.078125
4 0.0171875 0.0765625 0.034375 0.096875
10 0.06015625 0.15390625 0.0515625 0.0640625
0 0.75390625 0.240625 0.1640625 0.196875
2 0.0828125 0.43828125 0.165625 0.1484375
13 0.559375 0.58203125 0.071875 0.0703125
9 0.9859375 0.68671875 0.028125 0.0484375
13 0.7046875 0.7265625 0.06875 0.071875
6 0.82890625 0.7375 0.1171875 0.140625
1 0.10703125 0.7015625 0.2140625 0.29375
9 0.29765625 0.89765625 0.1671875 0.1703125
13 0.84765625 0.96875 0.0703125 0.0625
8 0.7453125 0.94375 0.134375 0.1125
15 0.10234375 0.98046875 0.0828125 0.0390625