3 0.31015625 0.06328125 0.1484375 0.1140625
1 0.7578125 0.12890625 0.325 0.2578125
12 0.58671875 0.3421875 0.0640625 0.06875
14 0.5296875 0.35546875 0.109375 0.1078125
5 0.64609375 0.50546875 0.1046875 0.0453125
5 0.16171875 0.4890625 0.1203125 0.1125
3 0.8046875 0.51171875 0.040625 0.0984375
13 0.40546875 0.57421875 0.0796875 0.0796875
3 0.04609375 0.5953125 0.0921875 0.13125
7 0.29765625 0.7375 0.1078125 0.13125
0 0.1625 0.8265625 0.146875 0.178125
6 0.88125 0.96171875 0.15 0.0765625
1 0.43828125 0.99453125 0.0265625 0.0109375