1 0.1125 0.925 0.209375 0.15
8 0.20625 0.97890625 0.05625 0.0421875
16 0.4734375 0.98828125 0.046875 0.0234375
6 0.6203125 0.96015625 0.075 0.0796875
13 0.94140625 0.9578125 0.0578125 0.059375
6 0.03828125 0.875 0.0765625 0.059375
10 0.2234375 0.78671875 0.009375 0.0171875
4 0.35859375 0.6546875 0.1609375 0.090625
8 0.04375 0.621875 0.0875 0.065625
1 0.93203125 0.5609375 0.1359375 0.18125
16 0.49453125 0.60703125 0.0484375 0.0484375
0 0.02421875 0.4953125 0.0484375 0.10625
10 0.29296875 0.49921875 0.0390625 0.0390625
7 0.56640625 0.48359375 0.0828125 0.0640625
16 0.78125 0.47265625 0.046875 0.0453125
16 0.16796875 0.4328125 0.0484375 0.046875
11 0.0234375 0.24765625 0.046875 0.0734375
8 0.48125 0.084375 0.09375 0.11875
0 0.7890625 0.0640625 0.15 0.128125
16 0.31875 0.0671875 0.046875 0.05
2 0.56796875 0.01484375 0.0765625 0.0296875
1 0.3984375 0.8421875 0.1875 0.228125
4 0.834375 0.8703125 0.078125 0.171875
7 0.0390625 0.6953125 0.046875 0.071875
7 0.446875 0.65625 0.065625 0.084375
16 0.6390625 0.60078125 0.046875 0.0484375
12 0.4296875 0.5546875 0.046875 0.046875
2 0.46640625 0.509375 0.1484375 0.134375
12 0.6703125 0.4734375 0.046875 0.05
4 0.23671875 0.3234375 0.0734375 0.146875
15 0.3796875 0.36640625 0.05 0.0453125
7 0.04921875 0.03984375 0.0609375 0.0796875
9 0.63515625 0.02734375 0.1234375 0.0546875
1 0.05859375 0.0171875 0.1171875 0.034375