8 0.29609375 0.0140625 0.0734375 0.028125
10 0.3203125 0.140625 0.0375 0.0375
8 0.3828125 0.115625 0.078125 0.103125
10 0.671875 0.1828125 0.034375 0.028125
14 0.5203125 0.965625 0.06875 0.06875
10 0.18046875 0.95078125 0.0421875 0.0234375
16 0.903125 0.8609375 0.046875 0.046875
6 0.584375 0.78671875 0.040625 0.1015625
15 0.490625 0.796875 0.05625 0.059375
4 0.934375 0.72109375 0.096875 0.1484375
8 0.03359375 0.71796875 0.0671875 0.0796875
11 0.67734375 0.7078125 0.0578125 0.059375
11 0.58671875 0.646875 0.0609375 0.065625
13 0.653125 0.64609375 0.05 0.0484375
6 0.43828125 0.62578125 0.0953125 0.0546875
1 0.784375 0.5015625 0.2 0.20625
1 0.6140625 0.4890625 0.153125 0.125
1 0.365625 0.41171875 0.175 0.1984375
2 0.37578125 0.35 0.1078125 0.11875
11 0.98046875 0.3515625 0.0390625 0.05625
0 0.565625 0.30625 0.11875 0.0875
1 0.203125 0.26171875 0.2125 0.1390625
0 0.9828125 0.240625 0.034375 0.109375
6 0.28046875 0.8921875 0.0890625 0.096875
8 0.034375 0.86796875 0.06875 0.0734375
11 0.6671875 0.83125 0.040625 0.028125
2 0.00546875 0.74296875 0.0109375 0.0390625
16 0.71171875 0.58125 0.0421875 0.04375
2 0.68359375 0.52421875 0.1421875 0.1234375
1 0.8828125 0.490625 0.1625 0.1875
9 0.5390625 0.50078125 0.065625 0.1328125
7 0.965625 0.48984375 0.06875 0.0671875
7 0.0328125 0.30234375 0.065625 0.0453125