11 0.68671875 0.03125 0.0703125 0.0625
6 0.39140625 0.92421875 0.1140625 0.0578125
8 0.809375 0.9046875 0.0875 0.06875
10 0.66171875 0.90625 0.0390625 0.040625
10 0.1 0.8890625 0.0375 0.04375
12 0.11640625 0.74375 0.0484375 0.05625
14 0.4 0.72421875 0.053125 0.0765625
5 0.21875 0.66484375 0.071875 0.0734375
8 0.19375 0.578125 0.1 0.09375
3 0.25234375 0.56953125 0.0578125 0.0828125
9 0.153125 0.44140625 0.171875 0.0453125
0 0.921875 0.3953125 0.146875 0.125
8 0.6125 0.3046875 0.10625 0.084375
3 0.51640625 0.23828125 0.0765625 0.0734375
13 0.74375 0.24765625 0.053125 0.0546875
3 0.8484375 0.1171875 0.1 0.078125
6 0.6140625 0.96015625 0.09375 0.0796875
3 0.7484375 0.57265625 0.065625 0.0953125
9 0.590625 0.4203125 0.15625 0.06875
14 0.67578125 0.26875 0.0640625 0.078125
2 0.1 0.22578125 0.0875 0.1515625
7 0.03671875 0.21484375 0.0734375 0.0890625
9 0.1921875 0.2046875 0.1375 0.040625