14 0.8 0.02578125 0.09375 0.0515625
14 0.92109375 0.1671875 0.0921875 0.065625
7 0.74375 0.1875 0.09375 0.109375
4 0.64296875 0.2046875 0.1109375 0.103125
15 0.4015625 0.31953125 0.06875 0.0640625
14 0.565625 0.33984375 0.0625 0.0890625
3 0.8671875 0.409375 0.08125 0.1125
12 0.80625 0.45390625 0.0625 0.0515625
15 0.2375 0.4859375 0.06875 0.06875
6 0.50078125 0.4734375 0.1109375 0.103125
11 0.0953125 0.53046875 0.075 0.0765625
12 0.7125 0.5671875 0.05625 0.053125
5 0.4921875 0.57890625 0.078125 0.0421875
16 0.81484375 0.58046875 0.0546875 0.0515625
1 0.57890625 0.61953125 0.2421875 0.1515625
11 0.375 0.7203125 0.075 0.075
8 0.95546875 0.76796875 0.0890625 0.0703125
8 0.015625 0.77578125 0.03125 0.0921875
11 0.19296875 0.8140625 0.0734375 0.06875
16 0.38046875 0.82578125 0.0515625 0.0515625
14 0.22890625 0.9453125 0.0640625 0.06875
3 0.76015625 0.9890625 0.0609375 0.021875