11 0.03359375 0.234375 0.0671875 0.08125
14 0.7578125 0.3015625 0.096875 0.0625
14 0.03046875 0.3375 0.0609375 0.065625
1 0.0171875 0.36015625 0.034375 0.1890625
13 0.1171875 0.43515625 0.065625 0.0609375
1 0.99375 0.46640625 0.0125 0.0359375
15 0.8953125 0.484375 0.059375 0.06875
5 0.27890625 0.54375 0.0859375 0.05625
12 0.40390625 0.61875 0.0515625 0.05625
6 0.24765625 0.6765625 0.1203125 0.11875
8 0.1484375 0.7515625 0.13125 0.065625
0 0.03359375 0.7171875 0.0671875 0.146875
12 0.8515625 0.78359375 0.05625 0.0546875
11 0.63515625 0.7890625 0.0796875 0.078125
12 0.025 0.8375 0.05 0.05625
11 0.15390625 0.93515625 0.0828125 0.0859375
1 0.990625 0.98046875 0.01875 0.0390625
15 0.7640625 0.98984375 0.05625 0.0203125