11 0.40546875 0.05390625 0.0609375 0.0640625
8 0.27265625 0.06328125 0.0703125 0.0890625
4 0.77734375 0.08359375 0.0578125 0.1578125
5 0.5734375 0.1484375 0.065625 0.034375
1 0.75625 0.08671875 0.1375 0.1734375
8 0.91328125 0.1578125 0.0640625 0.096875
13 0.98984375 0.203125 0.0203125 0.046875
2 0.1890625 0.9890625 0.046875 0.021875
8 0.33203125 0.98515625 0.0796875 0.0296875
13 0.42109375 0.99140625 0.0453125 0.0171875
8 0.9546875 0.9453125 0.090625 0.071875
11 0.96953125 0.90234375 0.0484375 0.0515625
3 0.68359375 0.8640625 0.0734375 0.096875
4 0.05078125 0.8 0.1015625 0.134375
8 0.20546875 0.7640625 0.0953125 0.1
1 0.7015625 0.54140625 0.14375 0.1703125
6 0.6328125 0.46328125 0.109375 0.0984375
16 0.39375 0.46796875 0.03125 0.0390625
7 0.0078125 0.35234375 0.015625 0.0390625
14 0.4609375 0.3171875 0.078125 0.053125
6 0.03828125 0.28203125 0.0765625 0.1078125
1 0.2796875 0.25859375 0.16875 0.1359375
5 0.75703125 0.24609375 0.0703125 0.0578125
6 0.19296875 0.02421875 0.1015625 0.0484375
15 0.55390625 0.025 0.0578125 0.05
4 0.21328125 0.096875 0.0828125 0.15625
9 0.6578125 0.9609375 0.0375 0.078125
7 0.89765625 0.98125 0.0578125 0.0375
9 0.34609375 0.8609375 0.0796875 0.153125
3 0.55546875 0.71953125 0.0671875 0.0984375
13 0.38828125 0.6984375 0.0484375 0.05
3 0.8046875 0.646875 0.06875 0.096875
5 0.071875 0.61875 0.06875 0.06875
7 0.03828125 0.5875 0.0765625 0.084375
4 0.44921875 0.4671875 0.1421875 0.096875
8 0.71171875 0.41328125 0.0515625 0.0765625
16 0.9015625 0.29453125 0.046875 0.0453125
1 0.465625 0.22109375 0.1375 0.1796875