2 0.98515625 0.01015625 0.0296875 0.0203125
0 0.3390625 0.05 0.10625 0.1
5 0.77734375 0.109375 0.0703125 0.059375
5 0.17578125 0.98203125 0.0703125 0.0359375
6 0.41796875 0.96875 0.1109375 0.0625
0 0.67890625 0.9546875 0.1390625 0.090625
15 0.90546875 0.934375 0.0609375 0.0625
13 0.05078125 0.896875 0.0421875 0.046875
14 0.5109375 0.8703125 0.053125 0.05625
11 0.70859375 0.77265625 0.0640625 0.0640625
15 0.70078125 0.678125 0.0609375 0.059375
3 0.84453125 0.63828125 0.0859375 0.0859375
2 0.97578125 0.6328125 0.0484375 0.06875
16 0.81484375 0.6234375 0.0390625 0.034375
0 0.53125 0.57421875 0.084375 0.1203125
16 0.29765625 0.61015625 0.0453125 0.0453125
0 0.02421875 0.49453125 0.0484375 0.1265625
5 0.56953125 0.4875 0.0703125 0.06875
10 0.7375 0.46328125 0.04375 0.0359375
9 0.93828125 0.37890625 0.0671875 0.1265625
16 0.553125 0.3703125 0.04375 0.04375
5 0.3921875 0.27890625 0.053125 0.0703125
8 0.959375 0.14765625 0.08125 0.0984375
4 0.5875 0.0125 0.090625 0.025
9 0.484375 0.9875 0.025 0.025
12 0.8515625 0.96953125 0.025 0.0515625
12 0.165625 0.8875 0.05 0.046875
13 0.06484375 0.7734375 0.0546875 0.040625
2 0.09453125 0.66953125 0.1578125 0.1140625
15 0.2265625 0.6421875 0.059375 0.059375
5 0.04765625 0.63125 0.0734375 0.040625
7 0.3515625 0.50859375 0.071875 0.0859375
1 0.9484375 0.49296875 0.103125 0.1078125
9 0.45 0.44765625 0.06875 0.1203125
12 0.81171875 0.32109375 0.0484375 0.0421875
9 0.98828125 0.26015625 0.0234375 0.1234375
3 0.2875 0.253125 0.075 0.06875