2 0.821875 0.00390625 0.05 0.0078125
5 0.6953125 0.0203125 0.103125 0.040625
13 0.17578125 0.02890625 0.0984375 0.0578125
15 0.3328125 0.1609375 0.103125 0.06875
1 0.78203125 0.1234375 0.3546875 0.215625
16 0.80703125 0.27734375 0.0828125 0.0765625
3 0.825 0.3546875 0.1625 0.096875
10 0.3625 0.42421875 0.078125 0.0671875
14 0.24765625 0.43203125 0.0984375 0.0984375
13 0.43359375 0.57734375 0.0953125 0.0890625
7 0.95 0.559375 0.1 0.1375
11 0.52109375 0.83125 0.1109375 0.11875
0 0.2578125 0.91953125 0.159375 0.1609375
2 0.1078125 0.9890625 0.140625 0.021875