16 0.971875 0.0203125 0.05625 0.040625
6 0.88671875 0.03515625 0.1234375 0.0703125
1 0.26171875 0.06796875 0.2015625 0.1234375
6 0.6984375 0.1 0.09375 0.134375
10 0.29921875 0.1484375 0.0609375 0.053125
0 0.109375 0.10390625 0.16875 0.1921875
14 0.82109375 0.28515625 0.0734375 0.0890625
3 0.53828125 0.35078125 0.0921875 0.1234375
12 0.3859375 0.49453125 0.065625 0.0578125
12 0.7203125 0.5796875 0.06875 0.053125
16 0.38828125 0.6875 0.0609375 0.0625
11 0.95859375 0.7140625 0.0828125 0.096875
14 0.403125 0.828125 0.075 0.078125
1 0.06640625 0.8984375 0.1328125 0.115625
9 0.90859375 0.92734375 0.1796875 0.1203125
9 0.35234375 0.94140625 0.2078125 0.1078125
10 0.60078125 0.996875 0.0296875 0.00625