3 0.21796875 0.0046875 0.0609375 0.009375
8 0.3765625 0.0359375 0.090625 0.071875
9 0.790625 0.0546875 0.09375 0.071875
4 0.8546875 0.05859375 0.046875 0.1171875
0 0.99765625 0.153125 0.0046875 0.021875
3 0.57890625 0.10546875 0.0765625 0.1234375
8 0.775 0.11953125 0.109375 0.0984375
1 0.39921875 0.1734375 0.2328125 0.21875
2 0.66484375 0.25390625 0.1078125 0.1671875
14 0.29296875 0.33046875 0.0890625 0.0640625
11 0.5390625 0.3921875 0.078125 0.078125
16 0.990625 0.546875 0.01875 0.046875
9 0.14140625 0.52265625 0.1296875 0.0953125
12 0.7921875 0.6453125 0.05625 0.05625
1 0.64296875 0.6125 0.1546875 0.20625
1 0.13359375 0.66796875 0.2671875 0.1328125
3 0.28828125 0.70625 0.0703125 0.065625
3 0.271875 0.76328125 0.121875 0.1203125
4 0.49296875 0.75625 0.1265625 0.16875
8 0.70703125 0.796875 0.1109375 0.115625
15 0.01328125 0.953125 0.0265625 0.071875
6 0.715625 0.96640625 0.1375 0.0671875
15 0.62734375 0.9828125 0.0578125 0.034375
0 0.2296875 0.9609375 0.1125 0.078125