8 0.54765625 0.00390625 0.0265625 0.0078125
3 0.08359375 0.99375 0.0546875 0.0125
1 0.88828125 0.8625 0.0953125 0.2375
2 0.39921875 0.84375 0.1328125 0.153125
13 0.41015625 0.72109375 0.0515625 0.0515625
7 0.62890625 0.66328125 0.0609375 0.0921875
6 0.3109375 0.678125 0.09375 0.053125
11 0.75546875 0.6546875 0.0703125 0.0625
0 0.6390625 0.55390625 0.1 0.1015625
10 0.521875 0.34921875 0.0375 0.0390625
15 0.50859375 0.23828125 0.0609375 0.0609375
1 0.13671875 0.15859375 0.1203125 0.2140625
15 0.3296875 0.1359375 0.0625 0.065625
16 0.42890625 0.07890625 0.0453125 0.0453125
2 0.10078125 0.0328125 0.1671875 0.065625
6 0.03984375 0.859375 0.0796875 0.1
4 0.1515625 0.83359375 0.090625 0.0609375
1 0.94140625 0.74375 0.1171875 0.2
2 0.5484375 0.79609375 0.153125 0.0921875
4 0.2359375 0.33984375 0.071875 0.1484375
3 0.66015625 0.3765625 0.0734375 0.05625
15 0.40703125 0.33203125 0.0578125 0.0609375
16 0.09765625 0.2734375 0.0484375 0.046875
3 0.00390625 0.25 0.0078125 0.025
9 0.8515625 0.16328125 0.096875 0.1546875
2 0.9578125 0.08984375 0.084375 0.1421875
9 0.85 0.0734375 0.0375 0.146875