10 0.51875 0.13203125 0.034375 0.0390625
12 0.021875 0.140625 0.04375 0.05625
8 0.075 0.96171875 0.053125 0.0765625
0 0.321875 0.978125 0.08125 0.04375
1 0.796875 0.95859375 0.121875 0.0828125
16 0.40625 0.96015625 0.04375 0.0453125
6 0.18671875 0.91953125 0.0796875 0.1078125
12 0.85390625 0.8984375 0.0453125 0.05
5 0.43515625 0.83125 0.0703125 0.071875
3 0.46796875 0.475 0.0671875 0.096875
8 0.79140625 0.45546875 0.0953125 0.0796875
16 0.81015625 0.3046875 0.0453125 0.04375
10 0.790625 0.203125 0.034375 0.0375
4 0.43984375 0.14453125 0.1171875 0.1265625
10 0.6203125 0.15078125 0.034375 0.0390625
6 0.3640625 0.08359375 0.096875 0.1015625
2 0.1359375 0.9609375 0.09375 0.078125
7 0.60234375 0.921875 0.0828125 0.06875
15 0.225 0.83125 0.05 0.059375
3 0.12421875 0.509375 0.0546875 0.059375
7 0.34921875 0.48984375 0.0703125 0.0609375
9 0.18984375 0.26953125 0.1390625 0.0734375
4 0.27890625 0.2296875 0.1078125 0.078125
9 0.71015625 0.159375 0.0984375 0.140625