9 0.4953125 0.02265625 0.046875 0.0453125
3 0.040625 0.04375 0.08125 0.0875
16 0.56328125 0.08984375 0.0546875 0.0578125
6 0.03203125 0.20703125 0.0640625 0.0734375
4 0.88125 0.20859375 0.0625 0.2046875
4 0.76796875 0.2828125 0.1640625 0.15625
2 0.540625 0.3078125 0.065625 0.1375
9 0.028125 0.36484375 0.05625 0.0859375
12 0.56953125 0.4625 0.0578125 0.05
11 0.12109375 0.4703125 0.0828125 0.078125
2 0.03515625 0.54296875 0.0703125 0.0859375
4 0.5296875 0.5234375 0.125 0.175
9 0.69765625 0.58984375 0.1515625 0.0953125
9 0.35625 0.58203125 0.1625 0.1296875
12 0.63984375 0.6234375 0.0546875 0.0625
15 0.9203125 0.634375 0.08125 0.075
7 0.8203125 0.7765625 0.00625 0.01875
11 0.996875 0.7625 0.00625 0.05
0 0.7328125 0.75390625 0.18125 0.1171875
11 0.15234375 0.803125 0.0828125 0.084375
8 0.9015625 0.79609375 0.125 0.1359375
16 0.66171875 0.9 0.0578125 0.05625
4 0.21015625 0.87265625 0.1015625 0.1234375