14 0.784375 0.0046875 0.05 0.009375
9 0.246875 0.02109375 0.053125 0.0421875
4 0.05078125 0.08828125 0.1015625 0.0984375
15 0.32265625 0.11953125 0.0796875 0.0765625
12 0.0390625 0.14453125 0.075 0.0734375
13 0.26171875 0.2953125 0.0703125 0.06875
6 0.040625 0.36328125 0.08125 0.0453125
5 0.37578125 0.38359375 0.0921875 0.0984375
3 0.11328125 0.4609375 0.0953125 0.115625
1 0.83984375 0.6375 0.2171875 0.2625
13 0.01484375 0.80078125 0.0296875 0.0453125
10 0.6609375 0.815625 0.05 0.053125
6 0.91015625 0.89296875 0.1328125 0.1359375
9 0.02890625 0.95546875 0.0578125 0.0578125
0 0.2921875 0.9359375 0.125 0.128125