3 0.72578125 0.03828125 0.0796875 0.0765625
6 0.625 0.0390625 0.159375 0.078125
12 0.96640625 0.040625 0.0671875 0.08125
14 0.0171875 0.3234375 0.034375 0.0625
8 0.95625 0.3015625 0.0875 0.11875
4 0.615625 0.2484375 0.18125 0.253125
7 0.1703125 0.38125 0.14375 0.1
3 0.76484375 0.35703125 0.1359375 0.1640625
11 0.075 0.54375 0.11875 0.109375
14 0.94765625 0.58046875 0.1046875 0.1296875
2 0.525 0.5359375 0.140625 0.25
5 0.20234375 0.653125 0.1265625 0.121875
9 0.9765625 0.846875 0.046875 0.146875
16 0.8359375 0.9515625 0.078125 0.084375