10 0.309375 0.00390625 0.03125 0.0078125
3 0.14609375 0.01171875 0.0578125 0.0234375
12 0.8125 0.0171875 0.053125 0.034375
2 0.37890625 0.0515625 0.1234375 0.103125
4 0.4859375 0.0578125 0.075 0.115625
8 0.97734375 0.0734375 0.0453125 0.128125
12 0.85234375 0.18671875 0.0546875 0.0515625
12 0.00859375 0.23203125 0.0171875 0.0453125
5 0.1140625 0.25859375 0.08125 0.0421875
10 0.9078125 0.51171875 0.046875 0.0421875
6 0.9953125 0.5640625 0.009375 0.034375
13 0.71953125 0.59296875 0.0578125 0.0578125
2 0.2375 0.62421875 0.15625 0.0953125
5 0.3890625 0.6375 0.071875 0.08125
15 0.065625 0.64609375 0.071875 0.0703125
0 0.85625 0.63359375 0.153125 0.1421875
16 0.328125 0.7140625 0.053125 0.053125
4 0.228125 0.7234375 0.1125 0.109375
15 0.70390625 0.75078125 0.0671875 0.0703125
11 0.253125 0.90703125 0.075 0.0703125
10 0.296875 0.93125 0.009375 0.028125
14 0.0609375 0.98671875 0.053125 0.0265625