15 0.375 0.16796875 0.084375 0.0890625
8 0.93515625 0.19375 0.1296875 0.153125
8 0.28515625 0.303125 0.1296875 0.11875
5 0.54375 0.328125 0.065625 0.096875
6 0.99921875 0.44453125 0.0015625 0.0265625
3 0.19140625 0.4140625 0.0890625 0.128125
7 0.303125 0.48359375 0.11875 0.0578125
10 0.44765625 0.496875 0.0234375 0.040625
15 0.34765625 0.59453125 0.0765625 0.0796875
15 0.2484375 0.609375 0.090625 0.090625
2 0.60390625 0.725 0.1171875 0.209375
9 0.97734375 0.87265625 0.0453125 0.0859375
11 0.82265625 0.9171875 0.0953125 0.10625
6 0.95390625 0.97578125 0.0921875 0.0484375
10 0.53359375 0.99453125 0.0359375 0.0109375
0 0.23359375 0.89296875 0.1578125 0.2140625