7 0.45234375 0.00546875 0.0671875 0.0109375
16 0.51796875 0.07421875 0.0578125 0.0609375
3 0.934375 0.259375 0.13125 0.08125
13 0.5203125 0.27265625 0.05 0.0578125
6 0.81640625 0.25390625 0.0953125 0.1109375
16 0.7359375 0.325 0.059375 0.059375
15 0.2640625 0.3359375 0.078125 0.078125
2 0.53671875 0.30234375 0.1578125 0.1609375
16 0.83046875 0.46953125 0.0609375 0.0578125
8 0.42578125 0.465625 0.1015625 0.10625
3 0.5359375 0.490625 0.115625 0.0875
5 0.04453125 0.58046875 0.0890625 0.0609375
16 0.5171875 0.70234375 0.059375 0.0609375
12 0.29140625 0.734375 0.0609375 0.065625
5 0.184375 0.740625 0.078125 0.09375
6 0.675 0.85390625 0.096875 0.1109375
0 0.13125 0.83359375 0.115625 0.1734375
12 0.34765625 0.90546875 0.0640625 0.0578125
4 0.51796875 0.9046875 0.1484375 0.10625
15 0.6171875 0.97109375 0.075 0.0578125
16 0.24453125 0.97265625 0.0609375 0.0546875