10 0.26328125 0.05078125 0.0484375 0.0453125
7 0.671875 0.07421875 0.084375 0.0828125
11 0.153125 0.0875 0.05625 0.08125
9 0.303125 0.12890625 0.146875 0.0671875
16 0.03203125 0.1890625 0.0234375 0.0125
2 0.20859375 0.10625 0.0765625 0.196875
6 0.615625 0.14921875 0.078125 0.1390625
14 0.96171875 0.24296875 0.0765625 0.0640625
8 0.69375 0.36875 0.065625 0.09375
10 0.0109375 0.39609375 0.021875 0.0453125
7 0.6328125 0.4125 0.04375 0.046875
7 0.096875 0.43984375 0.1125 0.0796875
2 0.54296875 0.4140625 0.1640625 0.14375
10 0.12578125 0.578125 0.0515625 0.04375
7 0.2359375 0.61953125 0.1 0.0359375
9 0.628125 0.61875 0.146875 0.046875
9 0.4484375 0.65625 0.140625 0.04375
6 0.68046875 0.6578125 0.1140625 0.08125
6 0.9078125 0.759375 0.14375 0.09375
14 0.57109375 0.85390625 0.0921875 0.0671875
12 0.81015625 0.89609375 0.0609375 0.0609375
3 0.78125 0.89765625 0.11875 0.0828125
14 0.25703125 0.909375 0.0921875 0.065625
3 0.134375 0.934375 0.06875 0.115625
5 0.503125 0.96484375 0.084375 0.0703125
4 0.34140625 0.91015625 0.1078125 0.1796875
10 0.07421875 0.978125 0.0484375 0.04375