16 0.63203125 0.0125 0.0421875 0.025
8 0.08828125 0.03125 0.0734375 0.0625
10 0.10234375 0.15859375 0.0390625 0.0234375
11 0.92734375 0.86796875 0.0703125 0.0703125
6 0.78828125 0.803125 0.0859375 0.084375
14 0.65859375 0.75390625 0.0828125 0.0546875
16 0.8421875 0.65546875 0.040625 0.0390625
10 0.559375 0.615625 0.034375 0.04375
6 0.8640625 0.58828125 0.08125 0.0984375
5 0.36484375 0.5859375 0.0703125 0.0375
5 0.2640625 0.58359375 0.071875 0.0359375
10 0.63984375 0.51953125 0.0359375 0.0390625
16 0.1109375 0.5015625 0.046875 0.04375
12 0.86484375 0.425 0.0484375 0.05
8 0.20234375 0.32421875 0.1046875 0.1046875
2 0.00859375 0.29609375 0.0171875 0.0640625
12 0.75703125 0.0453125 0.0296875 0.025
15 0.696875 0.9234375 0.059375 0.0625
7 0.20859375 0.67578125 0.0640625 0.0734375
16 0.6390625 0.64140625 0.04375 0.0453125
6 0.18671875 0.47578125 0.0890625 0.1015625
4 0.34140625 0.40546875 0.1203125 0.0984375
3 0.04609375 0.36640625 0.0921875 0.0921875
13 0.58671875 0.3078125 0.0390625 0.0125