4 0.98203125 0.9265625 0.0359375 0.146875
13 0.990625 0.965625 0.01875 0.05
13 0.66171875 0.89609375 0.0578125 0.0546875
1 0.07265625 0.75390625 0.1453125 0.1265625
3 0.91171875 0.6453125 0.0796875 0.10625
11 0.82890625 0.6484375 0.0765625 0.071875
2 0.98046875 0.528125 0.0390625 0.140625
8 0.42578125 0.5484375 0.1015625 0.08125
7 0.9609375 0.50390625 0.078125 0.0921875
4 0.71953125 0.37734375 0.1046875 0.1328125
1 0.60546875 0.259375 0.2234375 0.23125
3 0.0828125 0.33046875 0.115625 0.0703125
16 0.01328125 0.30859375 0.0265625 0.0484375
0 0.11484375 0.278125 0.1421875 0.078125
13 0.67109375 0.2078125 0.0453125 0.05
5 0.22421875 0.15078125 0.0765625 0.0734375
8 0.24140625 0.0453125 0.1140625 0.090625
1 0.8765625 0.0359375 0.1 0.071875
7 0.63125 0.975 0.06875 0.05
12 0.21484375 0.8375 0.0484375 0.05
11 0.0890625 0.6640625 0.075 0.071875
14 0.2875 0.34921875 0.0875 0.0609375
6 0.99453125 0.3515625 0.0109375 0.034375
7 0.48046875 0.25390625 0.0515625 0.1015625
1 0.78203125 0.065625 0.1796875 0.13125
15 0.86796875 0.04375 0.0671875 0.06875
9 0.05859375 0.03671875 0.0546875 0.0734375