6 0.2671875 0.015625 0.03125 0.03125
9 0.8671875 0.02578125 0.071875 0.0515625
4 0.015625 0.04765625 0.03125 0.0421875
6 0.5234375 0.0359375 0.103125 0.071875
5 0.32109375 0.12421875 0.0828125 0.0609375
4 0.98828125 0.13671875 0.0234375 0.0546875
12 0.884375 0.153125 0.04375 0.053125
1 0.73125 0.1140625 0.1625 0.215625
0 0.87578125 0.25546875 0.1453125 0.1578125
4 0.2546875 0.27734375 0.125 0.1203125
13 0.75078125 0.32421875 0.0578125 0.0609375
1 0.83125 0.2765625 0.1625 0.21875
11 0.56171875 0.4109375 0.0671875 0.078125
10 0.4125 0.47734375 0.04375 0.0484375
11 0.50234375 0.4921875 0.0734375 0.078125
4 0.26640625 0.471875 0.1078125 0.134375
10 0.97890625 0.578125 0.0421875 0.04375
15 0.484375 0.58984375 0.065625 0.0671875
2 0.82890625 0.5796875 0.1921875 0.121875
8 0.70703125 0.62890625 0.1265625 0.0796875
13 0.7984375 0.7328125 0.0625 0.059375
7 0.0390625 0.82734375 0.078125 0.0515625
5 0.13515625 0.915625 0.0765625 0.090625
4 0.9625 0.91875 0.075 0.1625
7 0.03046875 0.97734375 0.0546875 0.0453125