11 0.54453125 0.9875 0.0640625 0.025
1 0.69921875 0.97265625 0.1140625 0.0546875
9 0.0921875 0.9484375 0.109375 0.090625
11 0.475 0.94453125 0.065625 0.0765625
13 0.29765625 0.86171875 0.0546875 0.0578125
4 0.03984375 0.79140625 0.0796875 0.1765625
15 0.13203125 0.80390625 0.0703125 0.0671875
0 0.603125 0.69453125 0.128125 0.1484375
14 0.16640625 0.7203125 0.0640625 0.059375
8 0.0265625 0.6015625 0.053125 0.090625
1 0.47109375 0.5828125 0.2046875 0.075
15 0.271875 0.5671875 0.065625 0.065625
15 0.4453125 0.54140625 0.059375 0.0203125
8 0.69296875 0.4265625 0.0796875 0.075
9 0.3421875 0.3703125 0.071875 0.1625
7 0.70859375 0.37109375 0.1015625 0.0828125
12 0.896875 0.26484375 0.05 0.0484375
1 0.00859375 0.22421875 0.0171875 0.0828125
10 0.059375 0.05078125 0.04375 0.0484375
15 0.32109375 0.02890625 0.0640625 0.0578125
16 0.9125 0.99140625 0.046875 0.0171875
9 0.03671875 0.84765625 0.0734375 0.0296875
2 0.75546875 0.74296875 0.1703125 0.1296875
1 0.89609375 0.69375 0.1609375 0.203125
3 0.53125 0.5515625 0.09375 0.090625
13 0.9609375 0.53671875 0.05625 0.0546875
3 0.99296875 0.44375 0.0140625 0.06875
7 0.58515625 0.38984375 0.0828125 0.0921875
12 0.02265625 0.13515625 0.0453125 0.0515625