1 0.28359375 0.0078125 0.0609375 0.015625
7 0.8109375 0.03828125 0.109375 0.0640625
5 0.04375 0.046875 0.0875 0.065625
0 0.6703125 0.05859375 0.16875 0.1171875
9 0.778125 0.12578125 0.065625 0.1453125
12 0.06328125 0.17265625 0.0578125 0.0703125
2 0.846875 0.13515625 0.203125 0.1890625
3 0.0234375 0.31484375 0.046875 0.1203125
0 0.12578125 0.3046875 0.1296875 0.16875
1 0.29375 0.33984375 0.096875 0.2328125
6 0.44375 0.43515625 0.14375 0.0609375
8 0.64140625 0.45390625 0.1265625 0.0921875
0 0.2421875 0.44609375 0.125 0.1453125
4 0.9953125 0.503125 0.009375 0.05625
6 0.15390625 0.5 0.1203125 0.128125
5 0.4609375 0.55078125 0.09375 0.0671875
9 0.08828125 0.5890625 0.1765625 0.0375
2 0.62421875 0.76640625 0.1671875 0.1546875
13 0.37421875 0.94140625 0.0640625 0.0640625
3 0.40390625 0.99375 0.0265625 0.0125
0 0.12890625 0.95703125 0.1734375 0.0859375