6 0.29765625 0.0109375 0.0921875 0.021875
14 0.62109375 0.0265625 0.0765625 0.053125
0 0.40234375 0.05 0.1171875 0.1
16 0.1578125 0.096875 0.0375 0.028125
12 0.73671875 0.2921875 0.0640625 0.0625
5 0.853125 0.34765625 0.109375 0.0953125
4 0.38828125 0.38125 0.1140625 0.234375
13 0.740625 0.62265625 0.06875 0.0703125
5 0.7625 0.68671875 0.1 0.0984375
11 0.11015625 0.74765625 0.0953125 0.0921875
15 0.7390625 0.79296875 0.0875 0.0859375
12 0.46484375 0.8125 0.0765625 0.065625
9 0.58359375 0.76328125 0.0515625 0.1765625
3 0.340625 0.85625 0.13125 0.09375
13 0.56484375 0.89296875 0.0734375 0.0734375
0 0.12578125 0.9890625 0.0734375 0.021875