9 0.41171875 0.00703125 0.0296875 0.0140625
4 0.34921875 0.0296875 0.1078125 0.059375
2 0.84296875 0.0328125 0.0828125 0.065625
1 0.5578125 0.05703125 0.15625 0.1140625
3 0.22265625 0.1828125 0.0359375 0.053125
2 0.1578125 0.1859375 0.209375 0.246875
7 0.46328125 0.3875 0.0515625 0.13125
3 0.02890625 0.4515625 0.0578125 0.128125
3 0.51953125 0.44453125 0.1484375 0.1609375
7 0.70625 0.55 0.0375 0.115625
2 0.62890625 0.59296875 0.1328125 0.2046875
5 0.184375 0.71953125 0.10625 0.0609375
13 0.61640625 0.82421875 0.0765625 0.0828125
13 0.8875 0.86953125 0.071875 0.0765625
7 0.51953125 0.9140625 0.1328125 0.084375
9 0.95390625 0.98359375 0.0921875 0.0328125