15 0.98671875 0.10859375 0.0265625 0.0671875
9 0.33359375 0.16171875 0.1234375 0.1234375
10 0.7109375 0.31171875 0.040625 0.0453125
5 0.2296875 0.375 0.08125 0.04375
11 0.03828125 0.40546875 0.0765625 0.0734375
5 0.96484375 0.4078125 0.0703125 0.075
4 0.65390625 0.38203125 0.1453125 0.1390625
8 0.2875 0.4171875 0.115625 0.103125
5 0.19921875 0.515625 0.0859375 0.06875
12 0.278125 0.54609375 0.05 0.0515625
12 0.55 0.59921875 0.05 0.0484375
16 0.85546875 0.60546875 0.0515625 0.0515625
15 0.1140625 0.67109375 0.071875 0.0703125
7 0.003125 0.690625 0.00625 0.046875
16 0.12578125 0.740625 0.0546875 0.05
11 0.95234375 0.79296875 0.0734375 0.0734375
15 0.8265625 0.8015625 0.06875 0.06875
16 0.365625 0.90546875 0.05 0.0546875