1 0.92265625 0.00234375 0.0109375 0.0046875
1 0.128125 0.0625 0.1875 0.125
0 0.1046875 0.99921875 0.0125 0.0015625
15 0.9640625 0.98203125 0.0625 0.0359375
10 0.7765625 0.96875 0.0375 0.040625
11 0.9453125 0.8390625 0.06875 0.065625
0 0.33203125 0.73828125 0.1296875 0.1421875
16 0.921875 0.7078125 0.046875 0.04375
10 0.43125 0.659375 0.0375 0.0375
13 0.12109375 0.59375 0.0515625 0.053125
6 0.8953125 0.55078125 0.0875 0.1078125
7 0.721875 0.5625 0.075 0.078125
10 0.17265625 0.49921875 0.0390625 0.0359375
0 0.51328125 0.40546875 0.1265625 0.1015625
11 0.88671875 0.39609375 0.0703125 0.0671875
0 0.62421875 0.33984375 0.1109375 0.1328125
5 0.115625 0.2703125 0.053125 0.075
6 0.23359375 0.2265625 0.0984375 0.046875
14 0.01953125 0.14296875 0.0390625 0.0828125
12 0.01328125 0.003125 0.0265625 0.00625
6 0.59921875 0.85703125 0.1109375 0.0921875
6 0.50625 0.8546875 0.078125 0.059375
14 0.7796875 0.78046875 0.05625 0.0765625
7 0.61484375 0.74609375 0.0578125 0.0921875
9 0.28828125 0.6125 0.1359375 0.075
12 0.76953125 0.33046875 0.0296875 0.0390625