0 0.4078125 0.0078125 0.11875 0.015625
4 0.40234375 0.98984375 0.0328125 0.0203125
12 0.8296875 0.9828125 0.034375 0.034375
8 0.084375 0.9375 0.103125 0.096875
4 0.725 0.6546875 0.11875 0.165625
8 0.046875 0.6546875 0.09375 0.09375
14 0.76015625 0.46328125 0.0671875 0.0578125
8 0.05078125 0.409375 0.0859375 0.071875
10 0.9796875 0.3015625 0.040625 0.040625
10 0.559375 0.24921875 0.04375 0.0390625
6 0.4546875 0.96484375 0.115625 0.0703125
12 0.00625 0.934375 0.0125 0.040625
9 0.0109375 0.72890625 0.021875 0.0359375
15 0.49140625 0.69609375 0.0609375 0.0609375
2 0.56171875 0.45546875 0.1578125 0.0765625
3 0.23984375 0.44453125 0.0703125 0.0671875
5 0.37890625 0.2375 0.0734375 0.0625
6 0.28125 0.09765625 0.1 0.1015625