11 0.003125 0.06015625 0.00625 0.0546875
8 0.975 0.08203125 0.05 0.1171875
1 0.375 0.07890625 0.16875 0.1578125
11 0.978125 0.17421875 0.04375 0.0890625
5 0.90234375 0.37890625 0.1078125 0.0890625
13 0.43359375 0.46015625 0.0671875 0.0703125
12 0.7203125 0.50078125 0.075 0.0640625
16 0.4703125 0.6125 0.0625 0.065625
7 0.2765625 0.68359375 0.11875 0.0640625
6 0.9765625 0.7125 0.046875 0.10625
9 0.6296875 0.6921875 0.134375 0.1875
10 0.73828125 0.7890625 0.0546875 0.059375
8 0.75625 0.8578125 0.121875 0.121875
4 0.00234375 0.92421875 0.0046875 0.0390625
7 0.24453125 0.934375 0.0984375 0.121875
0 0.94609375 0.921875 0.1078125 0.15625
4 0.6796875 0.92109375 0.10625 0.1578125
8 0.0375 0.99296875 0.071875 0.0140625