12 0.53203125 0.0296875 0.0515625 0.059375
2 0.96484375 0.071875 0.0703125 0.14375
2 0.19609375 0.11796875 0.0984375 0.1484375
3 0.87421875 0.2046875 0.0984375 0.115625
14 0.1484375 0.28203125 0.065625 0.0734375
0 0.4453125 0.56484375 0.11875 0.1390625
0 0.88515625 0.59453125 0.1640625 0.1234375
12 0.5171875 0.63671875 0.05625 0.0484375
10 0.2421875 0.678125 0.040625 0.04375
0 0.1359375 0.65859375 0.11875 0.1578125
3 0.8703125 0.73203125 0.09375 0.0921875
11 0.5578125 0.75859375 0.075 0.0765625
5 0.3265625 0.81796875 0.084375 0.0453125
5 0.809375 0.8640625 0.084375 0.0375
5 0.06328125 0.86953125 0.0734375 0.0296875
4 0.096875 0.84765625 0.175 0.0828125
15 0.321875 0.8921875 0.06875 0.06875
11 0.88046875 0.9859375 0.0484375 0.028125
16 0.38046875 0.97578125 0.0515625 0.0484375