11 0.465625 0.11171875 0.09375 0.1046875
0 0.01875 0.15859375 0.0375 0.1015625
1 0.209375 0.20078125 0.121875 0.3078125
12 0.05390625 0.35859375 0.0703125 0.0640625
8 0.80390625 0.353125 0.1390625 0.078125
11 0.00546875 0.36640625 0.0109375 0.0578125
11 0.46796875 0.38828125 0.0890625 0.0921875
16 0.3296875 0.42890625 0.071875 0.0703125
12 0.76484375 0.478125 0.0671875 0.06875
9 0.1515625 0.603125 0.08125 0.05
12 0.221875 0.71875 0.075 0.0625
13 0.396875 0.85390625 0.078125 0.0796875
13 0.06015625 0.87421875 0.0828125 0.0796875
15 0.53828125 0.8765625 0.0890625 0.09375
14 0.54921875 0.934375 0.0796875 0.06875
1 0.82734375 0.9078125 0.2859375 0.184375
1 0.65078125 0.93828125 0.1359375 0.1234375