13 0.728125 0.015625 0.046875 0.03125
6 0.8015625 0.0859375 0.096875 0.1125
5 0.53984375 0.134375 0.0515625 0.05625
6 0.6359375 0.14921875 0.065625 0.1109375
8 0.30234375 0.97421875 0.0890625 0.0515625
1 0.65078125 0.95546875 0.1234375 0.0890625
5 0.7578125 0.96484375 0.046875 0.0703125
0 0.45 0.9078125 0.090625 0.1375
11 0.3765625 0.9109375 0.0625 0.059375
13 0.8953125 0.88984375 0.05 0.0515625
14 0.5484375 0.83046875 0.059375 0.0484375
12 0.59375 0.79609375 0.04375 0.0453125
0 0.534375 0.75 0.08125 0.121875
16 0.80078125 0.696875 0.0453125 0.04375
6 0.4625 0.5828125 0.109375 0.065625
8 0.75234375 0.5359375 0.0765625 0.09375
11 0.2796875 0.48515625 0.059375 0.0578125
2 0.25703125 0.440625 0.0984375 0.140625
1 0.8609375 0.2609375 0.14375 0.2
10 0.95703125 0.33515625 0.0390625 0.0359375
1 0.10078125 0.1359375 0.2015625 0.203125
13 0.72890625 0.12421875 0.0484375 0.0484375
1 0.971875 0.91015625 0.05625 0.1796875
10 0.84140625 0.8125 0.0390625 0.034375
2 0.27890625 0.6984375 0.0890625 0.15
11 0.68984375 0.7296875 0.0609375 0.0625
7 0.99609375 0.63203125 0.0078125 0.0171875
3 0.6796875 0.48046875 0.05 0.0765625
12 0.42890625 0.478125 0.0453125 0.040625
3 0.015625 0.403125 0.03125 0.075
6 0.3484375 0.40390625 0.075 0.0453125
4 0.50390625 0.28671875 0.1171875 0.0890625
6 0.44765625 0.2421875 0.1078125 0.0625
5 0.634375 0.23046875 0.06875 0.0609375