13 0.39921875 0.0109375 0.0453125 0.021875
0 0.7734375 0.0125 0.053125 0.025
14 0.53984375 0.0359375 0.0703125 0.071875
12 0.0328125 0.06328125 0.04375 0.0546875
5 0.88046875 0.1484375 0.0359375 0.071875
1 0.98828125 0.17265625 0.0234375 0.1109375
4 0.61640625 0.190625 0.1109375 0.078125
2 0.20625 0.29296875 0.04375 0.0546875
0 0.38515625 0.39453125 0.1140625 0.1546875
13 0.22734375 0.528125 0.0578125 0.059375
2 0.63515625 0.5375 0.1609375 0.06875
10 0.02265625 0.571875 0.0453125 0.04375
14 0.875 0.61796875 0.03125 0.0515625
8 0.1828125 0.59609375 0.1125 0.1171875
11 0.71875 0.6453125 0.071875 0.075
15 0.13828125 0.67734375 0.0734375 0.0703125
2 0.9953125 0.72265625 0.009375 0.0578125
7 0.4546875 0.76171875 0.078125 0.0953125
4 0.05 0.77734375 0.1 0.1890625
9 0.121875 0.86796875 0.115625 0.0796875
0 0.0046875 0.91171875 0.009375 0.0265625
4 0.384375 0.9203125 0.18125 0.1375
1 0.7890625 0.91484375 0.196875 0.1703125
9 0.459375 0.93203125 0.090625 0.1359375