6 0.01328125 0.02734375 0.0265625 0.0546875
4 0.51953125 0.04375 0.1046875 0.0875
4 0.07578125 0.04375 0.0703125 0.0875
3 0.83515625 0.109375 0.0765625 0.0875
7 0.92265625 0.1171875 0.0671875 0.08125
2 0.17421875 0.2 0.0921875 0.090625
8 0.4984375 0.21484375 0.09375 0.0890625
11 0.68125 0.240625 0.0375 0.05625
0 0.2265625 0.93046875 0.125 0.1359375
2 0.009375 0.93125 0.01875 0.125
11 0.5140625 0.90859375 0.059375 0.0640625
1 0.06796875 0.82421875 0.1359375 0.1796875
7 0.784375 0.88125 0.0625 0.053125
16 0.840625 0.8625 0.04375 0.04375
8 0.07734375 0.7421875 0.0921875 0.059375
0 0.2046875 0.7078125 0.075 0.11875
9 0.1671875 0.553125 0.059375 0.1
5 0.22421875 0.5046875 0.0703125 0.046875
3 0.69609375 0.47890625 0.0921875 0.0734375
15 0.9015625 0.48671875 0.059375 0.0546875
3 0.76328125 0.4546875 0.0828125 0.084375
3 0.44609375 0.40234375 0.0703125 0.0859375
14 0.28671875 0.3921875 0.0671875 0.0625
0 0.81796875 0.35703125 0.0828125 0.1140625
9 0.39375 0.05625 0.121875 0.046875
13 0.24140625 0.2109375 0.0453125 0.046875
4 0.66328125 0.9375 0.0765625 0.125
2 0.9671875 0.7796875 0.065625 0.115625
9 0.575 0.73125 0.05625 0.065625
5 0.5109375 0.6984375 0.0625 0.0625
7 0.675 0.67734375 0.046875 0.0796875
4 0.73359375 0.590625 0.1046875 0.13125
5 0.6203125 0.63828125 0.0625 0.0328125
3 0.97421875 0.5890625 0.0515625 0.0875
7 0.98125 0.46484375 0.0375 0.0609375
6 0.86328125 0.259375 0.0984375 0.090625