14 0.440625 0.96328125 0.065625 0.0609375
5 0.35546875 0.95234375 0.0734375 0.0390625
4 0.44921875 0.83125 0.1046875 0.165625
0 0.14296875 0.86484375 0.1171875 0.0921875
15 0.2109375 0.7984375 0.034375 0.05625
5 0.52890625 0.8015625 0.0734375 0.0375
3 0.50859375 0.67109375 0.1109375 0.0859375
13 0.21328125 0.684375 0.0421875 0.0375
8 0.80703125 0.60625 0.1046875 0.05625
5 0.8046875 0.5328125 0.078125 0.040625
11 0.02578125 0.45 0.0515625 0.06875
0 0.625 0.34296875 0.140625 0.1265625
4 0.48046875 0.19765625 0.0984375 0.1671875
10 0.32265625 0.24140625 0.0421875 0.0390625
6 0.04921875 0.19296875 0.0921875 0.0671875
15 0.2859375 0.16640625 0.065625 0.0671875
9 0.12109375 0.9703125 0.1046875 0.059375
7 0.8 0.9671875 0.05625 0.065625
5 0.0046875 0.98046875 0.009375 0.0234375
5 0.30546875 0.75546875 0.0734375 0.0421875
13 0.94765625 0.69609375 0.0578125 0.0515625
10 0.0125 0.60234375 0.025 0.0453125
15 0.85078125 0.48515625 0.0671875 0.0640625
12 0.46953125 0.4828125 0.0515625 0.046875
3 0.63984375 0.46328125 0.0671875 0.0671875
4 0.959375 0.2484375 0.075 0.175
3 0.82265625 0.2453125 0.1078125 0.10625
5 0.82109375 0.09609375 0.0828125 0.0796875
9 0.62890625 0.0328125 0.0578125 0.065625