12 0.2859375 0.12265625 0.053125 0.0515625
11 0.44453125 0.16953125 0.0578125 0.0609375
4 0.975 0.18515625 0.05 0.0765625
6 0.75859375 0.1796875 0.0890625 0.10625
1 0.5859375 0.25390625 0.10625 0.2265625
0 0.028125 0.3734375 0.05625 0.1
2 0.7578125 0.41015625 0.175 0.1578125
10 0.43984375 0.48203125 0.0484375 0.0421875
16 0.9734375 0.65078125 0.053125 0.0484375
0 0.78515625 0.6984375 0.1171875 0.146875
3 0.2625 0.73515625 0.09375 0.0890625
1 0.0375 0.75078125 0.075 0.2046875
1 0.11875 0.77890625 0.190625 0.1765625
7 0.528125 0.853125 0.08125 0.071875
14 0.3765625 0.88984375 0.05625 0.0765625
12 0.1859375 0.91328125 0.053125 0.0546875
3 0.02578125 0.90625 0.0515625 0.0875
1 0.94375 0.92578125 0.1125 0.1484375
2 0.86328125 0.9296875 0.1859375 0.140625
2 0.8875 0.9875 0.178125 0.025
7 0.7546875 0.9578125 0.1 0.084375