16 0.32421875 0.034375 0.0546875 0.05625
12 0.98359375 0.03984375 0.0328125 0.0546875
8 0.45390625 0.0375 0.1046875 0.075
9 0.815625 0.0390625 0.134375 0.078125
16 0.69765625 0.065625 0.0515625 0.05625
10 0.6453125 0.32421875 0.04375 0.0453125
6 0.34296875 0.36015625 0.0734375 0.1328125
11 0.9734375 0.415625 0.053125 0.071875
14 0.66328125 0.54609375 0.0515625 0.0640625
5 0.17890625 0.5375 0.0828125 0.084375
0 0.08984375 0.5421875 0.1078125 0.14375
11 0.5359375 0.615625 0.05 0.053125
0 0.60859375 0.7015625 0.1546875 0.125
14 0.36328125 0.74453125 0.0515625 0.0734375
10 0.07421875 0.86640625 0.0484375 0.0453125
5 0.409375 0.86875 0.0875 0.084375
7 0.9796875 0.96328125 0.040625 0.0734375
6 0.61484375 0.9546875 0.0921875 0.090625
6 0.55703125 0.97421875 0.0515625 0.0515625
5 0.1703125 0.9828125 0.034375 0.034375