11 0.65390625 0.01875 0.0859375 0.0375
14 0.96171875 0.0328125 0.0765625 0.065625
8 0.1390625 0.06484375 0.128125 0.1046875
5 0.38203125 0.07578125 0.0953125 0.0953125
14 0.98515625 0.1 0.0296875 0.078125
10 0.140625 0.15 0.046875 0.05625
11 0.37421875 0.16484375 0.0828125 0.0828125
10 0.234375 0.19375 0.046875 0.05
12 0.92578125 0.31796875 0.0703125 0.0609375
7 0.44609375 0.45390625 0.1046875 0.0390625
9 0.90703125 0.52421875 0.1421875 0.0921875
15 0.4421875 0.57734375 0.08125 0.0796875
0 0.66484375 0.5859375 0.1578125 0.153125
15 0.85625 0.6625 0.084375 0.08125
7 0.8046875 0.859375 0.090625 0.09375
7 0.6875 0.865625 0.109375 0.0875
11 0.9796875 0.890625 0.040625 0.0875
5 0.49453125 0.996875 0.0296875 0.00625
8 0.29140625 0.953125 0.1296875 0.09375
13 0.0125 0.98671875 0.025 0.0265625