3 0.7296875 0.0140625 0.0625 0.028125
1 0.30859375 0.03671875 0.1140625 0.0734375
0 0.36953125 0.9671875 0.0859375 0.065625
13 0.45234375 0.9953125 0.0359375 0.009375
0 0.85703125 0.98828125 0.0609375 0.0234375
4 0.95234375 0.9609375 0.0828125 0.078125
4 0.11328125 0.8734375 0.1109375 0.15625
16 0.90078125 0.88359375 0.0515625 0.0484375
4 0.39140625 0.76953125 0.0921875 0.1390625
5 0.86328125 0.72109375 0.0765625 0.0703125
10 0.73984375 0.746875 0.0265625 0.009375
0 0.0234375 0.675 0.046875 0.140625
14 0.025 0.59921875 0.05 0.0515625
11 0.00625 0.4921875 0.0125 0.05625
14 0.471875 0.45703125 0.06875 0.0671875
7 0.99296875 0.4515625 0.0140625 0.05625
14 0.9640625 0.41484375 0.0625 0.0640625
15 0.2421875 0.39140625 0.0625 0.0609375
12 0.59609375 0.3734375 0.0484375 0.05
9 0.36015625 0.2625 0.1078125 0.084375
5 0.9984375 0.28046875 0.003125 0.0109375
10 0.35078125 0.140625 0.0390625 0.040625
14 0.82890625 0.04296875 0.0578125 0.0859375
7 0.74609375 0.97265625 0.0703125 0.0546875
12 0.5265625 0.73671875 0.053125 0.0453125
3 0.89296875 0.6609375 0.1015625 0.090625
12 0.9671875 0.5890625 0.053125 0.046875
13 0.56171875 0.5671875 0.0546875 0.046875
7 0.12421875 0.0875 0.1015625 0.059375
1 0.9109375 0.0453125 0.075 0.090625