10 0.66953125 0.00234375 0.0203125 0.0046875
0 0.4421875 0.00625 0.04375 0.0125
15 0.6203125 0.025 0.08125 0.05
10 0.29765625 0.03203125 0.0484375 0.0640625
14 0.015625 0.046875 0.03125 0.06875
0 0.6921875 0.20234375 0.153125 0.1328125
1 0.553125 0.2546875 0.225 0.253125
4 0.478125 0.37734375 0.13125 0.1671875
11 0.04609375 0.52890625 0.0765625 0.0890625
9 0.5046875 0.5984375 0.090625 0.1125
9 0.38359375 0.62578125 0.1546875 0.0859375
3 0.734375 0.6234375 0.1375 0.13125
5 0.009375 0.6765625 0.01875 0.06875
1 0.9234375 0.76796875 0.153125 0.1546875
0 0.0546875 0.79765625 0.109375 0.1484375
8 0.23359375 0.85625 0.1359375 0.071875
15 0.9703125 0.8640625 0.059375 0.08125
12 0.3765625 0.9234375 0.065625 0.065625
6 0.24921875 0.984375 0.1203125 0.03125