0 0.0890625 0.003125 0.025 0.00625
8 0.53046875 0.0046875 0.0296875 0.009375
3 0.82734375 0.07578125 0.1015625 0.1515625
5 0.875 0.13046875 0.121875 0.1046875
5 0.94453125 0.2 0.1109375 0.06875
6 0.653125 0.1625 0.10625 0.14375
14 0.01171875 0.21875 0.0234375 0.075
0 0.125 0.16953125 0.23125 0.1921875
9 0.42890625 0.225 0.1453125 0.11875
1 0.509375 0.17734375 0.240625 0.2953125
12 0.8015625 0.28984375 0.078125 0.0765625
7 0.30703125 0.3609375 0.1578125 0.084375
1 0.6390625 0.40625 0.209375 0.209375
15 0.1078125 0.53046875 0.10625 0.1046875
3 0.140625 0.51953125 0.10625 0.1578125
10 0.89375 0.64921875 0.065625 0.0609375
13 0.0203125 0.75 0.040625 0.0875
0 0.45390625 0.87265625 0.2109375 0.1484375
1 0.1375 0.84375 0.275 0.240625
1 0.9375 0.87109375 0.125 0.2578125
8 0.74140625 0.99296875 0.0640625 0.0140625
6 0.10390625 0.978125 0.2078125 0.04375