1 0.50546875 0.02734375 0.1828125 0.0546875
6 0.3765625 0.1015625 0.109375 0.096875
3 0.8640625 0.1125 0.053125 0.1
8 0.60546875 0.21015625 0.1296875 0.1296875
0 0.203125 0.28359375 0.153125 0.1890625
7 0.10625 0.35703125 0.046875 0.0890625
7 0.98046875 0.39921875 0.0390625 0.0609375
6 0.3234375 0.45703125 0.05625 0.1109375
2 0.51171875 0.41875 0.1109375 0.2125
15 0.81796875 0.7375 0.0828125 0.084375
11 0.425 0.75703125 0.096875 0.0921875
5 0.859375 0.78046875 0.090625 0.0546875
15 0.34296875 0.79140625 0.0796875 0.0828125
9 0.74921875 0.79375 0.0671875 0.15
4 0.378125 0.91328125 0.240625 0.1015625
3 0.4484375 0.96171875 0.115625 0.0765625