5 0.00390625 0.0015625 0.0078125 0.003125
14 0.86796875 0.0125 0.0734375 0.025
12 0.23203125 0.1375 0.0609375 0.06875
12 0.546875 0.3078125 0.071875 0.065625
4 0.68984375 0.3453125 0.1140625 0.1
0 0.15859375 0.35546875 0.1671875 0.1953125
14 0.53984375 0.43125 0.1203125 0.0875
3 0.0375 0.56953125 0.075 0.1421875
14 0.48671875 0.66171875 0.0921875 0.0859375
2 0.41640625 0.64375 0.1890625 0.240625
2 0.39609375 0.75078125 0.1296875 0.0546875
7 0.78359375 0.91171875 0.1078125 0.1015625
12 0.99375 0.965625 0.0125 0.05625
1 0.6390625 0.94375 0.140625 0.1125
15 0.40078125 0.9765625 0.0890625 0.046875