5 0.57890625 0.021875 0.0765625 0.04375
6 0.94453125 0.04140625 0.1109375 0.0609375
10 0.25859375 0.05625 0.0421875 0.05
14 0.046875 0.1421875 0.078125 0.06875
3 0.96015625 0.2 0.0640625 0.090625
1 0.63828125 0.13828125 0.2640625 0.2765625
4 0.803125 0.18671875 0.103125 0.1859375
12 0.690625 0.32578125 0.0625 0.0515625
5 0.12421875 0.3875 0.0890625 0.046875
2 0.1703125 0.34765625 0.08125 0.1703125
8 0.06953125 0.5984375 0.1046875 0.1125
7 0.54921875 0.665625 0.0546875 0.0875
14 0.2953125 0.71875 0.065625 0.0625
3 0.0828125 0.73125 0.121875 0.09375
6 0.46953125 0.87109375 0.1015625 0.1046875
1 0.0515625 0.8640625 0.103125 0.203125
14 0.35625 0.9875 0.0625 0.025