3 0.49453125 0.00625 0.0484375 0.0125
9 0.66484375 0.015625 0.0296875 0.03125
14 0.02734375 0.0640625 0.0546875 0.0875
13 0.44765625 0.1921875 0.0453125 0.0625
2 0.83125 0.17109375 0.153125 0.1078125
13 0.57578125 0.359375 0.0578125 0.0625
3 0.66875 0.47734375 0.06875 0.1109375
6 0.79296875 0.5421875 0.1359375 0.084375
13 0.60390625 0.57734375 0.0609375 0.0578125
6 0.0234375 0.61171875 0.046875 0.0828125
15 0.06015625 0.65390625 0.0765625 0.0734375
13 0.9609375 0.6875 0.0625 0.059375
13 0.8828125 0.82578125 0.0625 0.0578125
9 0.0390625 0.93203125 0.078125 0.0421875
4 0.73984375 0.87265625 0.1265625 0.1796875
15 0.3609375 0.92734375 0.071875 0.0765625
9 0.47734375 0.8875 0.0828125 0.2