6 0.30703125 0.01640625 0.0859375 0.0328125
0 0.59375 0.93359375 0.09375 0.1328125
2 0.334375 0.90625 0.09375 0.159375
7 0.98046875 0.9296875 0.0390625 0.046875
15 0.01640625 0.8640625 0.0328125 0.040625
9 0.78984375 0.80390625 0.1265625 0.1359375
1 0.0390625 0.6625 0.078125 0.20625
3 0.459375 0.62578125 0.059375 0.1015625
3 0.99140625 0.47890625 0.0171875 0.0515625
2 0.1078125 0.3734375 0.09375 0.15625
10 0.43203125 0.39453125 0.0453125 0.0390625
0 0.15625 0.07734375 0.14375 0.1515625
7 0.2640625 0.93359375 0.0625 0.0921875
4 0.36796875 0.73125 0.1171875 0.153125
7 0.19375 0.63203125 0.071875 0.0296875
13 0.00625 0.42265625 0.0125 0.0453125
1 0.93046875 0.23515625 0.1390625 0.2046875
2 0.05 0.23828125 0.1 0.1734375
15 0.3328125 0.2453125 0.0625 0.065625
2 0.646875 0.14375 0.103125 0.1375
4 0.16640625 0.05078125 0.1359375 0.1015625
14 0.68984375 0.05859375 0.0546875 0.0828125
3 0.71640625 0.04765625 0.0828125 0.0953125