9 0.43671875 0.98671875 0.0390625 0.0265625
2 0.73515625 0.96328125 0.0828125 0.0734375
0 0.94375 0.94453125 0.1125 0.1109375
16 0.4421875 0.96640625 0.046875 0.0515625
8 0.05078125 0.85703125 0.1015625 0.1078125
8 0.64453125 0.85390625 0.0828125 0.0921875
10 0.0046875 0.87578125 0.009375 0.0390625
5 0.25703125 0.665625 0.0734375 0.071875
14 0.64453125 0.6046875 0.0609375 0.08125
4 0.584375 0.57109375 0.134375 0.1453125
1 0.73046875 0.44453125 0.1765625 0.2234375
12 0.94921875 0.35 0.0609375 0.046875
13 0.02265625 0.32890625 0.0453125 0.0515625
4 0.86171875 0.221875 0.1234375 0.10625
14 0.21640625 0.21484375 0.0609375 0.0734375
14 0.4140625 0.18125 0.059375 0.09375
8 0.559375 0.18125 0.078125 0.05
16 0.66328125 0.1421875 0.0484375 0.05
1 0.04140625 0.0703125 0.0828125 0.140625
6 0.565625 0.08359375 0.0625 0.0984375
0 0.9171875 0.00390625 0.046875 0.0078125
12 0.57578125 0.95 0.0453125 0.05625
4 0.28984375 0.89296875 0.1546875 0.1140625
14 0.40859375 0.828125 0.0609375 0.0875
2 0.01484375 0.76640625 0.0296875 0.0828125
15 0.67890625 0.73203125 0.0640625 0.0640625
5 0.775 0.70234375 0.075 0.0765625
16 0.09921875 0.6953125 0.0515625 0.046875
12 0.75703125 0.6421875 0.0484375 0.05
6 0.8015625 0.4421875 0.075 0.1125
3 0.00234375 0.4328125 0.0046875 0.01875
10 0.8078125 0.3375 0.04375 0.040625
13 0.3671875 0.30625 0.053125 0.053125
6 0.22265625 0.05078125 0.1046875 0.0984375
10 0.321875 0.01015625 0.040625 0.0203125