0 0.41328125 0.00078125 0.0046875 0.0015625
7 0.38671875 0.93671875 0.0671875 0.0453125
2 0.1265625 0.9140625 0.040625 0.084375
8 0.590625 0.86796875 0.06875 0.1015625
8 0.7421875 0.80703125 0.078125 0.0984375
10 0.5828125 0.6703125 0.040625 0.040625
5 0.7375 0.65078125 0.06875 0.0640625
11 0.91171875 0.553125 0.0703125 0.0625
10 0.86640625 0.51171875 0.0234375 0.0296875
0 0.28984375 0.39921875 0.1359375 0.1140625
13 0.78203125 0.39453125 0.0453125 0.0171875
8 0.534375 0.3203125 0.084375 0.084375
3 0.078125 0.1984375 0.090625 0.096875
10 0.4984375 0.0953125 0.0375 0.046875
4 0.7 0.96953125 0.121875 0.0609375
2 0.88359375 0.97578125 0.1046875 0.0484375
12 0.00234375 0.93359375 0.0046875 0.0234375
5 0.1953125 0.56953125 0.053125 0.0734375
9 0.6921875 0.41796875 0.059375 0.0828125
2 0.44609375 0.38671875 0.1515625 0.0984375
15 0.22265625 0.26640625 0.0609375 0.0609375
1 0.4078125 0.16875 0.146875 0.2
4 0.41015625 0.15 0.0640625 0.1625
14 0.71640625 0.08828125 0.0546875 0.0859375