4 0.7140625 0.0046875 0.05 0.009375
8 0.8265625 0.9796875 0.034375 0.040625
10 0.48359375 0.93828125 0.0453125 0.0421875
13 0.19609375 0.91796875 0.0484375 0.0546875
1 0.996875 0.815625 0.00625 0.125
6 0.7390625 0.76796875 0.103125 0.0515625
16 0.38984375 0.75859375 0.0484375 0.0515625
13 0.8296875 0.746875 0.05625 0.05
1 0.265625 0.5890625 0.071875 0.228125
1 0.75625 0.58984375 0.221875 0.1109375
0 0.975 0.5828125 0.05 0.1
0 0.53515625 0.51171875 0.0953125 0.1421875
16 0.74921875 0.52578125 0.0515625 0.0453125
8 0.378125 0.4390625 0.103125 0.0875
15 0.4859375 0.45 0.065625 0.065625
4 0.6703125 0.2703125 0.146875 0.15625
5 0.40390625 0.3109375 0.0765625 0.04375
4 0.984375 0.1859375 0.03125 0.171875
2 0.003125 0.25 0.00625 0.025
16 0.6734375 0.21953125 0.0375 0.0265625
14 0.478125 0.09765625 0.05625 0.0828125
1 0.8859375 0.89140625 0.134375 0.2171875
4 0.59375 0.71171875 0.128125 0.0765625
5 0.771875 0.65859375 0.078125 0.0546875
12 0.0140625 0.62265625 0.028125 0.0484375
11 0.1703125 0.59375 0.071875 0.071875
16 0.24453125 0.46640625 0.0484375 0.0453125
7 0.63671875 0.45390625 0.0703125 0.0484375
7 0.77265625 0.3859375 0.0734375 0.096875
3 0.434375 0.3421875 0.065625 0.090625
11 0.34296875 0.16875 0.0734375 0.075