12 0.91953125 0.04296875 0.0609375 0.0734375
2 0.95703125 0.04609375 0.0859375 0.0921875
6 0.98046875 0.1625 0.0390625 0.1125
16 0.55390625 0.23984375 0.0578125 0.0578125
3 0.3890625 0.31640625 0.08125 0.0765625
11 0.76640625 0.3203125 0.0796875 0.08125
5 0.14296875 0.384375 0.0953125 0.05
1 0.6703125 0.26875 0.165625 0.284375
12 0.015625 0.43125 0.03125 0.059375
12 0.1796875 0.51015625 0.0625 0.0609375
10 0.41484375 0.796875 0.0484375 0.05625
11 0.6484375 0.87890625 0.084375 0.0890625
12 0.13671875 0.98671875 0.0234375 0.0265625
3 0.02734375 0.94375 0.0546875 0.1125