4 0.93828125 0.0109375 0.0640625 0.021875
10 0.534375 0.015625 0.046875 0.03125
6 0.0171875 0.05390625 0.034375 0.0734375
1 0.7046875 0.1015625 0.259375 0.203125
14 0.01640625 0.21953125 0.0328125 0.0921875
9 0.975 0.22578125 0.05 0.0828125
10 0.48984375 0.3484375 0.0484375 0.046875
2 0.65859375 0.38203125 0.1359375 0.1171875
4 0.81015625 0.42109375 0.1609375 0.0703125
11 0.7640625 0.4609375 0.084375 0.0875
12 0.64296875 0.59140625 0.0578125 0.0671875
7 0.88515625 0.65859375 0.1140625 0.0484375
7 0.16171875 0.66796875 0.1078125 0.1171875
2 0.8296875 0.7109375 0.096875 0.0875
7 0.03671875 0.75625 0.0734375 0.096875
12 0.4234375 0.83515625 0.05625 0.0640625
13 0.40859375 0.93828125 0.0671875 0.0703125
14 0.6421875 0.97890625 0.034375 0.0421875