15 0.19609375 0.00390625 0.0421875 0.0078125
4 0.6484375 0.03515625 0.175 0.0703125
8 0.79609375 0.08984375 0.1265625 0.1265625
16 0.2125 0.17578125 0.053125 0.0546875
14 0.978125 0.22421875 0.04375 0.0703125
6 0.3546875 0.26171875 0.05 0.0921875
16 0.9875 0.3671875 0.025 0.05
11 0.90625 0.36171875 0.084375 0.0765625
11 0.834375 0.49453125 0.078125 0.0765625
9 0.89140625 0.540625 0.1171875 0.05
6 0.9453125 0.61328125 0.109375 0.0734375
15 0.2953125 0.63046875 0.075 0.0734375
10 0.0203125 0.740625 0.040625 0.04375
4 0.24921875 0.759375 0.2046875 0.096875
1 0.946875 0.7359375 0.10625 0.18125
15 0.22890625 0.81484375 0.0671875 0.0359375
4 0.98359375 0.81171875 0.0328125 0.0953125
5 0.55234375 0.92109375 0.0859375 0.0921875
14 0.2828125 0.96171875 0.09375 0.0609375
2 0.27578125 0.9625 0.1859375 0.075
1 0.0765625 0.97578125 0.125 0.0484375