10 0.7640625 0.00859375 0.04375 0.0171875
7 0.975 0.01015625 0.05 0.0203125
10 0.9078125 0.12734375 0.06875 0.0578125
6 0.53515625 0.08359375 0.1109375 0.1671875
13 0.015625 0.17734375 0.03125 0.0734375
15 0.5796875 0.215625 0.090625 0.090625
13 0.44609375 0.3453125 0.0703125 0.075
13 0.63828125 0.390625 0.0734375 0.075
16 0.15703125 0.5375 0.0734375 0.065625
9 0.6953125 0.5703125 0.0625 0.175
7 0.94765625 0.62890625 0.1046875 0.1140625
8 0.52578125 0.71640625 0.1328125 0.0765625
14 0.62734375 0.734375 0.1015625 0.090625
5 0.375 0.784375 0.109375 0.1125
12 0.690625 0.98125 0.06875 0.0375
6 0.2859375 0.99453125 0.059375 0.0109375