10 0.99609375 0.00546875 0.0078125 0.0109375
12 0.5390625 0.03984375 0.071875 0.0609375
2 0.33515625 0.075 0.2046875 0.06875
2 0.3296875 0.0703125 0.184375 0.140625
5 0.29296875 0.11328125 0.0953125 0.0953125
11 0.946875 0.22421875 0.090625 0.0890625
12 0.56875 0.30078125 0.05625 0.0234375
3 0.7109375 0.2734375 0.075 0.125
14 0.5015625 0.4921875 0.09375 0.06875
16 0.384375 0.49765625 0.059375 0.0578125
12 0.91015625 0.57578125 0.0703125 0.0578125
8 0.184375 0.5625 0.125 0.103125
5 0.16328125 0.71640625 0.0953125 0.0859375
15 0.2625 0.73359375 0.078125 0.0796875
6 0.03828125 0.71640625 0.0765625 0.1171875
4 0.86015625 0.8015625 0.2359375 0.1375
15 0.41015625 0.84765625 0.0765625 0.0796875