2 0.85 0.0109375 0.053125 0.021875
16 0.5828125 0.01328125 0.040625 0.0265625
8 0.0265625 0.02265625 0.053125 0.0453125
8 0.98125 0.04921875 0.0375 0.0859375
0 0.415625 0.0953125 0.084375 0.128125
16 0.58828125 0.178125 0.0296875 0.03125
0 0.24296875 0.9640625 0.1328125 0.071875
8 0.98515625 0.9625 0.0296875 0.075
8 0.01953125 0.946875 0.0390625 0.08125
6 0.3796875 0.91875 0.0875 0.1
11 0.19375 0.9625 0.009375 0.009375
10 0.28203125 0.9078125 0.0390625 0.0375
13 0.59375 0.8953125 0.046875 0.05
11 0.2546875 0.84296875 0.059375 0.0609375
14 0.478125 0.75078125 0.065625 0.0546875
1 0.28671875 0.66484375 0.1265625 0.1984375
6 0.74609375 0.66796875 0.0953125 0.0578125
0 0.40078125 0.60859375 0.1140625 0.1265625
7 0.2265625 0.63828125 0.025 0.0546875
2 0.3046875 0.4140625 0.078125 0.125
13 0.55 0.4375 0.046875 0.046875
0 0.47734375 0.3421875 0.0796875 0.11875
13 0.78359375 0.25234375 0.0453125 0.0203125
12 0.87109375 0.89140625 0.0484375 0.0421875
16 0.62265625 0.72421875 0.0421875 0.0421875
6 0.178125 0.7046875 0.103125 0.0375
7 0.025 0.603125 0.05 0.065625
2 0.82265625 0.45390625 0.1234375 0.1140625
9 0.58515625 0.39921875 0.0515625 0.0734375
9 0.284375 0.31171875 0.05625 0.0546875
6 0.9765625 0.26015625 0.046875 0.0984375
5 0.66875 0.2421875 0.06875 0.0625