8 0.584375 0.0109375 0.065625 0.021875
5 0.8921875 0.0171875 0.075 0.034375
16 0.46015625 0.10859375 0.0234375 0.0203125
13 0.7765625 0.14453125 0.046875 0.0515625
4 0.15234375 0.9875 0.0796875 0.025
0 0.59921875 0.83984375 0.1171875 0.1015625
3 0.00703125 0.86171875 0.0140625 0.0390625
16 0.04296875 0.8 0.0484375 0.046875
1 0.02109375 0.7375 0.0421875 0.14375
0 0.18671875 0.659375 0.1359375 0.121875
8 0.99609375 0.515625 0.0078125 0.065625
8 0.11015625 0.44140625 0.0859375 0.0734375
15 0.3453125 0.39609375 0.059375 0.0578125
3 0.48515625 0.384375 0.0984375 0.08125
15 0.996875 0.39453125 0.00625 0.0328125
16 0.7765625 0.371875 0.04375 0.04375
2 0.590625 0.31015625 0.1375 0.1578125
6 0.43046875 0.28671875 0.0609375 0.1140625
4 0.25859375 0.17421875 0.0640625 0.1640625
15 0.725 0.01015625 0.053125 0.0203125
4 0.52734375 0.92265625 0.0734375 0.1546875
2 0.65625 0.965625 0.103125 0.06875
7 0.1796875 0.9296875 0.084375 0.075
13 0.759375 0.9 0.046875 0.05
3 0.684375 0.80234375 0.09375 0.0703125
11 0.17421875 0.7375 0.0671875 0.05625
11 0.64921875 0.60703125 0.0609375 0.0609375
16 0.128125 0.5984375 0.046875 0.04375
7 0.6609375 0.29921875 0.06875 0.0671875
12 0.97109375 0.19765625 0.0546875 0.0421875