0 0.00703125 0.00234375 0.0140625 0.0046875
15 0.5015625 0.00390625 0.04375 0.0078125
10 0.04765625 0.028125 0.0515625 0.05
14 0.3609375 0.06171875 0.06875 0.0921875
6 0.54375 0.1796875 0.14375 0.06875
13 0.07265625 0.21640625 0.0671875 0.0578125
9 0.9203125 0.22734375 0.159375 0.1109375
6 0.47265625 0.34921875 0.1296875 0.1390625
12 0.821875 0.46484375 0.0625 0.0578125
8 0.14140625 0.46015625 0.1328125 0.1203125
4 0.38359375 0.62421875 0.1765625 0.0953125
4 0.4 0.71015625 0.140625 0.0859375
8 0.3890625 0.83203125 0.109375 0.1140625
16 0.08671875 0.88125 0.0609375 0.05625
12 0.7015625 0.909375 0.0625 0.0625
7 0.98515625 0.94921875 0.0296875 0.0546875
1 0.5296875 0.9171875 0.190625 0.165625