5 0.57421875 0.00546875 0.0984375 0.0109375
0 0.79375 0.06640625 0.128125 0.1328125
16 0.0359375 0.325 0.06875 0.059375
8 0.7203125 0.3265625 0.15 0.134375
0 0.365625 0.446875 0.13125 0.18125
15 0.61796875 0.64609375 0.0921875 0.0921875
4 0.90234375 0.62421875 0.1859375 0.1765625
15 0.46484375 0.73515625 0.0921875 0.0890625
13 0.7203125 0.8 0.075 0.075
7 0.1671875 0.78203125 0.134375 0.1421875
2 0.003125 0.85390625 0.00625 0.0296875
5 0.95 0.9140625 0.1 0.10625
7 0.81640625 0.921875 0.1234375 0.11875
2 0.51484375 0.99296875 0.0890625 0.0140625
7 0.35234375 0.9734375 0.1359375 0.053125