13 0.4 0.003125 0.03125 0.00625
9 0.1109375 0.03515625 0.05625 0.0703125
1 0.9484375 0.990625 0.103125 0.01875
14 0.2390625 0.89609375 0.059375 0.0828125
6 0.6203125 0.88359375 0.103125 0.0859375
6 0.91484375 0.84921875 0.1203125 0.0984375
10 0.696875 0.7109375 0.040625 0.0375
2 0.384375 0.603125 0.109375 0.153125
11 0.96875 0.55 0.0625 0.0625
0 0.4828125 0.4515625 0.140625 0.115625
4 0.10546875 0.33515625 0.1234375 0.1578125
8 0.06484375 0.3625 0.1171875 0.05625
0 0.31328125 0.2609375 0.0921875 0.140625
0 0.4109375 0.25234375 0.15 0.1328125
0 0.96484375 0.2390625 0.0703125 0.1375
2 0.75625 0.13046875 0.16875 0.1390625
8 0.0625 0.0890625 0.084375 0.10625
6 0.53828125 0.021875 0.0953125 0.04375
11 0.590625 0.9734375 0.065625 0.053125
1 0.70234375 0.94609375 0.1734375 0.1078125
1 0.22578125 0.64140625 0.1078125 0.1921875
8 0.04609375 0.609375 0.0921875 0.103125
9 0.215625 0.52734375 0.165625 0.0359375
4 0.8015625 0.359375 0.0875 0.159375
5 0.3125 0.4 0.078125 0.065625
9 0.85234375 0.18359375 0.0578125 0.1671875
12 0.0953125 0.17421875 0.053125 0.0484375
1 0.9203125 0.09140625 0.159375 0.1828125
2 0.15234375 0.07578125 0.1078125 0.1453125