4 0.4421875 0.01796875 0.1 0.0359375
9 0.03203125 0.084375 0.0640625 0.034375
8 0.33046875 0.07578125 0.0796875 0.0984375
11 0.80859375 0.12890625 0.0359375 0.0546875
7 0.9953125 0.98515625 0.009375 0.0296875
16 0.253125 0.95625 0.040625 0.046875
13 0.82265625 0.94921875 0.0453125 0.0484375
16 0.440625 0.90390625 0.04375 0.0421875
8 0.77890625 0.88125 0.0765625 0.084375
4 0.2328125 0.759375 0.04375 0.15
1 0.91015625 0.66875 0.1671875 0.175
0 0.05859375 0.68046875 0.1171875 0.1046875
0 0.4921875 0.659375 0.090625 0.13125
0 0.984375 0.67421875 0.03125 0.0859375
2 0.3953125 0.6640625 0.125 0.084375
10 0.734375 0.63671875 0.034375 0.0390625
0 0.06328125 0.58984375 0.1265625 0.1171875
8 0.48203125 0.384375 0.0796875 0.084375
13 0.54140625 0.37734375 0.0453125 0.0453125
16 0.1359375 0.33984375 0.04375 0.0421875
10 0.25078125 0.3375 0.0359375 0.034375
5 0.10703125 0.3078125 0.0640625 0.065625
1 0.9703125 0.04609375 0.059375 0.0921875
2 0.82109375 0.09296875 0.0734375 0.1453125
16 0.44765625 0.99765625 0.0234375 0.0046875
5 0.1046875 0.91015625 0.04375 0.0734375
4 0.9328125 0.790625 0.075 0.103125
13 0.60703125 0.6453125 0.0453125 0.046875
2 0.85625 0.48828125 0.06875 0.1421875
14 0.95703125 0.303125 0.0609375 0.05625
9 0.30625 0.225 0.075 0.05