14 0.1359375 0.05546875 0.1 0.1078125
15 0.23203125 0.296875 0.0984375 0.10625
14 0.61640625 0.3265625 0.0953125 0.125
6 0.9609375 0.3640625 0.078125 0.153125
0 0.11953125 0.4109375 0.1578125 0.20625
9 0.99765625 0.5078125 0.0046875 0.04375
2 0.59609375 0.44140625 0.2609375 0.1859375
2 0.91640625 0.54375 0.1671875 0.278125
16 0.03125 0.7046875 0.0625 0.078125
12 0.6203125 0.88984375 0.090625 0.0828125
1 0.9375 0.975 0.125 0.05
4 0.67421875 0.99375 0.0640625 0.0125
11 0.096875 0.9859375 0.096875 0.028125
15 0.01640625 0.99375 0.0328125 0.0125