9 0.70546875 0.02265625 0.0203125 0.0453125
13 0.4375 0.0328125 0.046875 0.053125
1 0.95703125 0.04453125 0.0859375 0.0890625
5 0.334375 0.05625 0.071875 0.078125
10 0.85234375 0.1015625 0.0390625 0.0375
2 0.73515625 0.07109375 0.0796875 0.1421875
0 0.25703125 0.96640625 0.0828125 0.0671875
13 0.36171875 0.99140625 0.0453125 0.0171875
15 0.85625 0.99296875 0.046875 0.0140625
13 0.0359375 0.95625 0.053125 0.053125
6 0.2375 0.9171875 0.0875 0.0875
7 0.62890625 0.90078125 0.0859375 0.0671875
8 0.4109375 0.8609375 0.0875 0.090625
5 0.55078125 0.8453125 0.0546875 0.071875
10 0.640625 0.85859375 0.0375 0.0453125
15 0.85078125 0.540625 0.0609375 0.05625
1 0.6234375 0.425 0.153125 0.18125
0 0.76328125 0.403125 0.1015625 0.140625
10 0.0828125 0.4484375 0.040625 0.0375
7 0.66171875 0.99609375 0.0296875 0.0078125
4 0.91015625 0.971875 0.0671875 0.05625
3 0.9453125 0.84296875 0.065625 0.1015625
9 0.3296875 0.721875 0.13125 0.090625
12 0.0265625 0.74140625 0.053125 0.0421875
13 0.24296875 0.73671875 0.0515625 0.0515625
5 0.72578125 0.65546875 0.0421875 0.0671875
7 0.97578125 0.60625 0.0484375 0.071875
4 0.5234375 0.43046875 0.0625 0.1234375
3 0.2546875 0.446875 0.1 0.05625
9 0.3890625 0.37578125 0.159375 0.0359375
7 0.5125 0.27734375 0.075 0.0859375