13 0.57109375 0.00625 0.0515625 0.0125
16 0.0234375 0.02265625 0.046875 0.0453125
10 0.02734375 0.1125 0.0515625 0.046875
15 0.9875 0.1671875 0.025 0.06875
14 0.8234375 0.20546875 0.1 0.0703125
9 0.7265625 0.17578125 0.09375 0.1484375
0 0.93203125 0.2078125 0.1359375 0.16875
10 0.5640625 0.3203125 0.05 0.046875
5 0.403125 0.334375 0.0875 0.05
16 0.47734375 0.421875 0.0546875 0.053125
5 0.35546875 0.40546875 0.0859375 0.0859375
4 0.6 0.46953125 0.165625 0.1546875
13 0.97265625 0.61875 0.0546875 0.059375
3 0.9984375 0.71875 0.003125 0.021875
10 0.86171875 0.7375 0.0546875 0.046875
6 0.475 0.77890625 0.140625 0.0890625
3 0.10234375 0.87109375 0.0765625 0.0640625
12 0.7609375 0.9 0.034375 0.053125
4 0.78984375 0.90234375 0.1703125 0.1421875
11 0.03046875 0.9671875 0.0609375 0.065625