1 0.74140625 0.02109375 0.0453125 0.0421875
2 0.12734375 0.0296875 0.1890625 0.059375
13 0.83671875 0.03671875 0.0671875 0.0703125
13 0.765625 0.07578125 0.06875 0.0671875
3 0.009375 0.078125 0.01875 0.065625
10 0.17734375 0.128125 0.0578125 0.05
4 0.9515625 0.0859375 0.096875 0.15625
14 0.90234375 0.19296875 0.0734375 0.1046875
8 0.6 0.284375 0.08125 0.1375
11 0.490625 0.40703125 0.084375 0.0890625
11 0.0234375 0.45390625 0.046875 0.0859375
9 0.40703125 0.5296875 0.1234375 0.08125
15 0.31953125 0.57421875 0.0765625 0.0734375
11 0.7875 0.5859375 0.08125 0.075
11 0.54609375 0.584375 0.0828125 0.0875
2 0.08359375 0.6265625 0.1015625 0.2
15 0.5296875 0.8625 0.075 0.078125
10 0.23359375 0.8953125 0.0453125 0.053125
6 0.56875 0.92265625 0.096875 0.0640625
15 0.4109375 0.9140625 0.078125 0.084375
14 0.3578125 0.95625 0.071875 0.0875