1 0.23515625 0.01953125 0.1796875 0.0390625
8 0.25234375 0.97578125 0.0515625 0.0484375
11 0.7578125 0.97265625 0.0625 0.0546875
0 0.20859375 0.93046875 0.1140625 0.1140625
10 0.971875 0.8625 0.046875 0.0375
14 0.06015625 0.83671875 0.0734375 0.0546875
10 0.82578125 0.7296875 0.0359375 0.040625
6 0.8421875 0.64140625 0.109375 0.0828125
12 0.4609375 0.634375 0.053125 0.046875
1 0.03359375 0.575 0.0671875 0.109375
12 0.2890625 0.521875 0.04375 0.04375
6 0.37109375 0.3296875 0.1140625 0.0625
8 0.15 0.30625 0.053125 0.06875
14 0.2984375 0.2875 0.05625 0.0625
6 0.01015625 0.26015625 0.0203125 0.0484375
13 0.49453125 0.22265625 0.0515625 0.0515625
8 0.403125 0.13125 0.078125 0.1
12 0.07890625 0.07578125 0.0609375 0.0484375
1 0.6359375 0.94140625 0.23125 0.1171875
7 0.7859375 0.871875 0.090625 0.096875
16 0.8765625 0.8453125 0.05 0.046875
3 0.953125 0.66484375 0.078125 0.0765625
6 0.9625 0.55234375 0.075 0.1140625
3 0.8609375 0.52578125 0.09375 0.0828125