1 0.8859375 0.91171875 0.228125 0.1765625
8 0.70546875 0.84609375 0.0671875 0.0890625
2 0.73203125 0.8203125 0.1046875 0.10625
15 0.59140625 0.73515625 0.0640625 0.0671875
15 0.41171875 0.72421875 0.0578125 0.0546875
0 0.8140625 0.66953125 0.10625 0.1453125
6 0.21796875 0.6765625 0.1265625 0.125
6 0.6671875 0.690625 0.121875 0.05
15 0.92578125 0.65078125 0.0671875 0.0640625
7 0.446875 0.30859375 0.078125 0.0453125
11 0.2828125 0.26171875 0.06875 0.0703125
16 0.65234375 0.021875 0.0484375 0.04375
9 0.33359375 0.91796875 0.0484375 0.1640625
10 0.94140625 0.728125 0.0421875 0.040625
16 0.95625 0.54375 0.053125 0.05
15 0.73671875 0.51953125 0.0640625 0.0640625
4 0.21953125 0.2796875 0.0921875 0.1625
6 0.93828125 0.2953125 0.0640625 0.090625
3 0.153125 0.24375 0.08125 0.075
7 0.79453125 0.146875 0.0890625 0.065625
4 0.00703125 0.07109375 0.0140625 0.0265625
6 0.73671875 0.0265625 0.0859375 0.053125