10 0.346875 0.0484375 0.034375 0.0375
8 0.46328125 0.046875 0.0953125 0.09375
16 0.67578125 0.09765625 0.0421875 0.0453125
3 0.53984375 0.12734375 0.0765625 0.0671875
15 0.009375 0.1421875 0.01875 0.053125
5 0.1765625 0.14453125 0.071875 0.0546875
16 0.08984375 0.98828125 0.0453125 0.0234375
1 0.95546875 0.934375 0.0890625 0.13125
8 0.6515625 0.884375 0.071875 0.103125
7 0.015625 0.75859375 0.03125 0.0734375
0 0.1625 0.70234375 0.146875 0.1296875
10 0.2875 0.653125 0.034375 0.0375
15 0.91484375 0.61328125 0.0578125 0.0578125
14 0.54921875 0.5328125 0.0671875 0.053125
2 0.1609375 0.4515625 0.096875 0.146875
0 0.7546875 0.44140625 0.10625 0.1265625
1 0.98203125 0.4625 0.0359375 0.075
16 0.5546875 0.40390625 0.046875 0.0453125
8 0.82421875 0.38828125 0.1046875 0.0765625
11 0.09296875 0.37890625 0.0703125 0.0640625
2 0.2 0.3078125 0.1 0.134375
4 0.35859375 0.2484375 0.0578125 0.15625
3 0.96875 0.2375 0.0625 0.096875
13 0.10703125 0.2125 0.0484375 0.046875
9 0.834375 0.18671875 0.14375 0.0515625
2 0.0421875 0.07578125 0.084375 0.1515625
8 0.73203125 0.1296875 0.0828125 0.078125
3 0.0078125 0.99765625 0.015625 0.0046875
15 0.490625 0.71953125 0.05625 0.0578125
2 0.0375 0.53046875 0.075 0.0828125
12 0.6671875 0.4765625 0.053125 0.04375
9 0.2484375 0.32734375 0.13125 0.1046875
2 0.5984375 0.33125 0.15 0.0875
6 0.87734375 0.32578125 0.0984375 0.0765625
15 0.9890625 0.32109375 0.021875 0.0546875
7 0.01953125 0.31640625 0.0390625 0.0265625
12 0.6453125 0.1921875 0.046875 0.046875