9 0.56484375 0.03515625 0.0328125 0.0703125
11 0.01640625 0.04921875 0.0328125 0.0671875
8 0.59921875 0.10234375 0.0796875 0.0859375
16 0.61953125 0.99375 0.0359375 0.0125
1 0.02578125 0.9484375 0.0515625 0.1
14 0.38046875 0.98359375 0.0171875 0.0109375
16 0.26875 0.81015625 0.04375 0.0421875
2 0.45078125 0.6875 0.1265625 0.15
14 0.5734375 0.6515625 0.065625 0.05
6 0.91640625 0.63046875 0.0765625 0.0921875
0 0.26796875 0.51171875 0.1046875 0.1203125
11 0.678125 0.4734375 0.0625 0.0625
0 0.98203125 0.4421875 0.0359375 0.071875
10 0.3359375 0.44921875 0.034375 0.0359375
13 0.7578125 0.41171875 0.04375 0.0453125
5 0.87265625 0.3609375 0.0546875 0.06875
5 0.74921875 0.30625 0.0453125 0.065625
15 0.2515625 0.19375 0.05625 0.05625
8 0.46328125 0.17421875 0.0953125 0.0953125
15 0.33125 0.1453125 0.05625 0.05625
11 0.86171875 0.14453125 0.0609375 0.0640625
5 0.553125 0.15546875 0.0625 0.0484375
2 0.328125 0.1421875 0.11875 0.15
9 0.90390625 0.97578125 0.0984375 0.0484375
11 0.40546875 0.9578125 0.0296875 0.028125
7 0.03671875 0.8375 0.0734375 0.05625
12 0.0125 0.72578125 0.025 0.0453125
1 0.7953125 0.5171875 0.128125 0.184375
9 0.69765625 0.41875 0.1328125 0.0625
16 0.671875 0.33515625 0.040625 0.0421875
10 0.77109375 0.2421875 0.0359375 0.034375
3 0.72578125 0.18046875 0.0859375 0.0796875