3 0.1890625 0.0796875 0.121875 0.103125
0 0.54453125 0.13046875 0.1390625 0.1859375
6 0.78828125 0.21171875 0.1046875 0.0828125
5 0.315625 0.2171875 0.090625 0.078125
10 0.8484375 0.2625 0.05 0.046875
13 0.03359375 0.3 0.0640625 0.0625
4 0.01171875 0.38046875 0.0234375 0.0703125
3 0.36640625 0.4078125 0.1265625 0.134375
3 0.9609375 0.4265625 0.078125 0.10625
13 0.15703125 0.46015625 0.0671875 0.0609375
16 0.79140625 0.4859375 0.0609375 0.05625
11 0.87421875 0.5203125 0.0890625 0.0875
14 0.19765625 0.571875 0.0953125 0.071875
12 0.6171875 0.6640625 0.05625 0.034375
14 0.975 0.91171875 0.05 0.0828125
0 0.79921875 0.93984375 0.1796875 0.1203125
11 0.57734375 0.96484375 0.0796875 0.0703125