3 0.96796875 0.0015625 0.0046875 0.003125
13 0.91640625 0.03046875 0.0703125 0.0609375
5 0.1078125 0.03515625 0.096875 0.0703125
11 0.7046875 0.08203125 0.08125 0.0953125
5 0.8609375 0.20703125 0.1 0.0953125
4 0.765625 0.19375 0.103125 0.190625
14 0.5609375 0.28828125 0.071875 0.0703125
8 0.49375 0.34765625 0.1 0.1109375
16 0.37890625 0.40234375 0.0578125 0.0578125
0 0.915625 0.37890625 0.15625 0.1578125
9 0.25859375 0.42421875 0.0484375 0.0703125
11 0.68515625 0.45546875 0.0828125 0.0890625
10 0.96953125 0.4921875 0.0484375 0.046875
4 0.73515625 0.57734375 0.1046875 0.1265625
3 0.02265625 0.60234375 0.0453125 0.0765625
15 0.1328125 0.684375 0.078125 0.078125
9 0.69765625 0.64375 0.0890625 0.203125
2 0.4484375 0.66640625 0.184375 0.1765625
3 0.825 0.771875 0.071875 0.075
15 0.109375 0.859375 0.059375 0.08125
15 0.928125 0.9125 0.08125 0.078125
6 0.82265625 0.97734375 0.1046875 0.0453125