0 0.3140625 0.03125 0.09375 0.0625
11 0.5296875 0.16484375 0.065625 0.0609375
4 0.86640625 0.13125 0.0828125 0.14375
5 0.9984375 0.2171875 0.003125 0.015625
16 0.05546875 0.2 0.0515625 0.053125
12 0.7859375 0.234375 0.053125 0.053125
13 0.26953125 0.26484375 0.0265625 0.0515625
10 0.41796875 0.28359375 0.0390625 0.0421875
16 0.94453125 0.30078125 0.0515625 0.0515625
0 0.1984375 0.27578125 0.103125 0.1359375
1 0.34375 0.2765625 0.184375 0.225
16 0.2640625 0.36953125 0.05 0.0484375
6 0.9921875 0.3890625 0.015625 0.084375
7 0.58671875 0.4734375 0.0890625 0.053125
13 0.97109375 0.54140625 0.0578125 0.0515625
13 0.8703125 0.59765625 0.046875 0.0484375
9 0.534375 0.571875 0.071875 0.134375
4 0.309375 0.703125 0.165625 0.084375
12 0.23359375 0.74921875 0.0640625 0.0484375
5 0.865625 0.8546875 0.08125 0.05625
7 0.1671875 0.85546875 0.1 0.0921875
5 0.0015625 0.89453125 0.003125 0.0265625
0 0.96796875 0.8515625 0.0640625 0.1625
1 0.91953125 0.99921875 0.0203125 0.0015625
1 0.875 0.99140625 0.059375 0.0171875