7 0.98515625 0.00390625 0.0296875 0.0078125
12 0.90234375 0.06953125 0.0671875 0.0546875
16 0.375 0.09609375 0.06875 0.0734375
5 0.7359375 0.221875 0.10625 0.090625
6 0.934375 0.2828125 0.121875 0.065625
1 0.03515625 0.36484375 0.0703125 0.1296875
8 0.965625 0.52421875 0.06875 0.0765625
11 0.84140625 0.571875 0.1015625 0.1
2 0.52734375 0.54609375 0.2234375 0.1703125
12 0.98359375 0.6890625 0.0328125 0.065625
5 0.65546875 0.7828125 0.0796875 0.109375
16 0.38984375 0.82890625 0.0609375 0.0421875
12 0.46640625 0.94140625 0.0578125 0.0828125
7 0.73046875 0.98828125 0.0515625 0.0234375