6 0.66953125 0.009375 0.0484375 0.01875
10 0.9890625 0.01171875 0.021875 0.0234375
3 0.28984375 0.01796875 0.0671875 0.0359375
4 0.87890625 0.01953125 0.0890625 0.0390625
2 0.378125 0.02890625 0.134375 0.0578125
6 0.18125 0.10390625 0.1125 0.0703125
8 0.0375 0.1109375 0.075 0.065625
7 0.7046875 0.29375 0.096875 0.096875
7 0.253125 0.35 0.096875 0.084375
6 0.72734375 0.38984375 0.1078125 0.0890625
7 0.33984375 0.440625 0.0671875 0.065625
12 0.50390625 0.52890625 0.0484375 0.0546875
2 0.9546875 0.4828125 0.090625 0.16875
6 0.07421875 0.55390625 0.1359375 0.0546875
2 0.0109375 0.559375 0.021875 0.075
3 0.68828125 0.56484375 0.0953125 0.1140625
7 0.4125 0.69609375 0.090625 0.0390625
10 0.1734375 0.696875 0.0375 0.04375
15 0.75390625 0.775 0.0671875 0.06875
12 0.38203125 0.809375 0.0484375 0.05625
12 0.64296875 0.8234375 0.0515625 0.0625
1 0.4078125 0.77265625 0.21875 0.2265625
0 0.31484375 0.91015625 0.0921875 0.1484375
14 0.9828125 0.98359375 0.034375 0.0328125
9 0.53046875 0.965625 0.1234375 0.06875