2 0.24140625 0.0078125 0.0328125 0.015625
12 0.99609375 0.009375 0.0078125 0.01875
9 0.71953125 0.06640625 0.1296875 0.1171875
3 0.30390625 0.075 0.0671875 0.109375
9 0.9796875 0.19765625 0.040625 0.0734375
10 0.7 0.325 0.040625 0.04375
2 0.38828125 0.284375 0.1203125 0.13125
11 0.26796875 0.3390625 0.0640625 0.06875
8 0.096875 0.33125 0.11875 0.109375
9 0.459375 0.3796875 0.15625 0.059375
2 0.30234375 0.37890625 0.1328125 0.1765625
15 0.159375 0.44921875 0.06875 0.0671875
1 0.73203125 0.490625 0.1921875 0.20625
7 0.05703125 0.58984375 0.0796875 0.0984375
1 0.44375 0.575 0.190625 0.196875
5 0.46171875 0.65703125 0.0796875 0.0609375
12 0.37109375 0.67421875 0.0578125 0.0421875
15 0.215625 0.68515625 0.06875 0.0609375
1 0.5703125 0.6265625 0.15 0.196875
12 0.44609375 0.7109375 0.0484375 0.05
8 0.6625 0.69296875 0.10625 0.0984375
10 0.72421875 0.79375 0.0453125 0.046875
7 0.54765625 0.84765625 0.0546875 0.1078125
10 0.0078125 0.965625 0.015625 0.028125
2 0.44296875 0.9234375 0.0859375 0.153125
1 0.37578125 0.97265625 0.1609375 0.0546875
12 0.2609375 0.99921875 0.009375 0.0015625