12 0.3703125 0.034375 0.071875 0.06875
7 0.0125 0.1265625 0.025 0.053125
16 0.18046875 0.2296875 0.0671875 0.065625
9 0.6375 0.1671875 0.1125 0.2125
15 0.91484375 0.28515625 0.0921875 0.0671875
15 0.3640625 0.33046875 0.084375 0.0609375
15 0.915625 0.3390625 0.090625 0.08125
1 0.309375 0.4484375 0.275 0.20625
8 0.4140625 0.54765625 0.11875 0.1015625
14 0.834375 0.60703125 0.08125 0.0796875
11 0.4546875 0.60390625 0.096875 0.0921875
14 0.9078125 0.615625 0.084375 0.1125
9 0.015625 0.796875 0.03125 0.034375
7 0.68359375 0.7953125 0.1203125 0.05625
0 0.1265625 0.7625 0.20625 0.190625
7 0.80546875 0.821875 0.1265625 0.09375
6 0.99296875 0.86171875 0.0140625 0.0453125
2 0.77109375 0.91484375 0.1296875 0.1703125