16 0.6203125 0.003125 0.03125 0.00625
15 0.71484375 0.00390625 0.0453125 0.0078125
15 0.209375 0.034375 0.06875 0.06875
10 0.6125 0.0953125 0.046875 0.04375
2 0.39296875 0.06640625 0.1203125 0.1328125
0 0.82109375 0.13125 0.1140625 0.1625
6 0.08515625 0.1625 0.0703125 0.13125
4 0.975 0.1953125 0.05 0.078125
3 0.28828125 0.253125 0.0703125 0.109375
8 0.33828125 0.25703125 0.0765625 0.1140625
3 0.88828125 0.28046875 0.1140625 0.1171875
4 0.471875 0.271875 0.090625 0.18125
16 0.59609375 0.35390625 0.0484375 0.0515625
16 0.4046875 0.41171875 0.05 0.0515625
15 0.00703125 0.42109375 0.0140625 0.0515625
6 0.925 0.45390625 0.090625 0.0421875
12 0.68828125 0.4671875 0.0578125 0.05
10 0.3140625 0.5140625 0.046875 0.040625
16 0.74921875 0.528125 0.0484375 0.05
3 0.03515625 0.56640625 0.0390625 0.0421875
7 0.92109375 0.59296875 0.0546875 0.0953125
9 0.025 0.75859375 0.015625 0.0109375
11 0.71171875 0.74140625 0.0765625 0.0765625
14 0.7 0.83984375 0.078125 0.0703125
2 0.140625 0.83828125 0.065625 0.1859375
15 0.34921875 0.9578125 0.0703125 0.075
11 0.7484375 0.99296875 0.059375 0.0140625