8 0.57890625 0.009375 0.0546875 0.01875
0 0.0984375 0.98203125 0.090625 0.0359375
14 0.1890625 0.98671875 0.034375 0.0265625
0 0.5296875 0.96875 0.09375 0.0625
14 0.71796875 0.94609375 0.0609375 0.0703125
15 0.8859375 0.9390625 0.0625 0.065625
14 0.284375 0.85625 0.05625 0.059375
1 0.771875 0.7421875 0.109375 0.184375
15 0.42890625 0.80078125 0.0609375 0.0609375
13 0.36484375 0.653125 0.0515625 0.053125
13 0.846875 0.48046875 0.053125 0.0484375
1 0.815625 0.3453125 0.16875 0.1875
6 0.2 0.3453125 0.06875 0.103125
0 0.74140625 0.26953125 0.1046875 0.1328125
8 0.4625 0.26171875 0.06875 0.0953125
6 0.13046875 0.2671875 0.1203125 0.05
12 0.3 0.20625 0.04375 0.05
16 0.03671875 0.20234375 0.0515625 0.0484375
9 0.68828125 0.1375 0.0953125 0.1
1 0.0109375 0.07734375 0.021875 0.1421875
7 0.44609375 0.12421875 0.0671875 0.0796875
7 0.0078125 0.8796875 0.015625 0.003125
9 0.03125 0.778125 0.0625 0.04375
2 0.5109375 0.68203125 0.08125 0.1546875
13 0.334375 0.728125 0.05 0.05
6 0.64375 0.5453125 0.059375 0.078125
12 0.834375 0.5484375 0.046875 0.053125
14 0.975 0.4 0.05 0.053125
6 0.11640625 0.37265625 0.1015625 0.0734375
9 0.00390625 0.346875 0.0078125 0.015625
3 0.965625 0.190625 0.0625 0.103125