5 0.828125 0.02265625 0.06875 0.0453125
15 0.26015625 0.02734375 0.0578125 0.0546875
5 0.72578125 0.03984375 0.0578125 0.0734375
4 0.09140625 0.04296875 0.1109375 0.0859375
7 0.94375 0.1015625 0.00625 0.003125
3 0.6453125 0.10859375 0.09375 0.0703125
0 0.03828125 0.76640625 0.0765625 0.1234375
0 0.15078125 0.75703125 0.1328125 0.0921875
0 0.64453125 0.66484375 0.1140625 0.0796875
6 0.19375 0.6578125 0.08125 0.0875
11 0.18984375 0.60234375 0.0609375 0.0609375
10 0.61015625 0.59375 0.0359375 0.034375
8 0.13515625 0.540625 0.0890625 0.0875
4 0.96953125 0.50703125 0.0609375 0.1515625
3 0.11015625 0.51484375 0.0859375 0.0703125
2 0.9109375 0.49921875 0.03125 0.0578125
1 0.67890625 0.35625 0.1734375 0.19375
5 0.2390625 0.40078125 0.06875 0.0453125
14 0.91328125 0.396875 0.0859375 0.053125
4 0.228125 0.34765625 0.0875 0.1265625
7 0.478125 0.33359375 0.0625 0.0640625
14 0.3921875 0.32109375 0.06875 0.0671875
2 0.771875 0.2171875 0.08125 0.15
3 0.22109375 0.0234375 0.0421875 0.046875
6 0.97734375 0.03046875 0.0453125 0.0609375
1 0.0859375 0.08203125 0.171875 0.1640625
5 0.259375 0.15625 0.06875 0.065625
12 0.05390625 0.9796875 0.0515625 0.040625
8 0.98203125 0.98359375 0.0359375 0.0328125
4 0.1765625 0.83515625 0.134375 0.0640625
7 0.77265625 0.81953125 0.0546875 0.0890625
11 0.62109375 0.82421875 0.0609375 0.0671875
3 0.38671875 0.75234375 0.0671875 0.0890625
7 0.978125 0.6890625 0.04375 0.034375
4 0.03671875 0.584375 0.0671875 0.05
12 0.18046875 0.45 0.0453125 0.046875
6 0.43359375 0.24609375 0.0828125 0.0796875