12 0.49609375 0.03203125 0.0515625 0.0546875
14 0.80078125 0.06640625 0.0671875 0.0671875
1 0.64375 0.0546875 0.178125 0.109375
10 0.24296875 0.20234375 0.0453125 0.0453125
8 0.16328125 0.19453125 0.1015625 0.0984375
15 0.00234375 0.2296875 0.0046875 0.03125
8 0.65625 0.2015625 0.121875 0.125
2 0.3890625 0.26640625 0.15625 0.1515625
8 0.5328125 0.3578125 0.059375 0.11875
14 0.1 0.475 0.065625 0.05
3 0.97734375 0.48359375 0.0453125 0.1078125
12 0.7109375 0.52578125 0.0125 0.0390625
5 0.17109375 0.528125 0.0828125 0.075
6 0.30859375 0.53125 0.1359375 0.075
3 0.51015625 0.55078125 0.0640625 0.1078125
8 0.8109375 0.5703125 0.090625 0.109375
0 0.6609375 0.621875 0.159375 0.109375
7 0.8015625 0.7125 0.1125 0.040625
7 0.9671875 0.7921875 0.065625 0.071875
11 0.02890625 0.828125 0.0578125 0.08125
2 0.27109375 0.8609375 0.1765625 0.178125
7 0.6375 0.9109375 0.04375 0.103125
1 0.89609375 0.97578125 0.0734375 0.0484375