5 0.87421875 0.00234375 0.0265625 0.0046875
0 0.5171875 0.04296875 0.1375 0.0859375
6 0.27109375 0.0890625 0.1578125 0.109375
13 0.04140625 0.23828125 0.0734375 0.0734375
5 0.6078125 0.3203125 0.103125 0.103125
4 0.21875 0.31640625 0.121875 0.1703125
13 0.79765625 0.42578125 0.0703125 0.0671875
0 0.17890625 0.47421875 0.2078125 0.1421875
8 0.3375 0.49921875 0.10625 0.1015625
3 0.18203125 0.56015625 0.1171875 0.0515625
10 0.08828125 0.61875 0.0546875 0.053125
7 0.77109375 0.73203125 0.0671875 0.0484375
12 0.14140625 0.78125 0.0609375 0.06875
4 0.89921875 0.76015625 0.1453125 0.1578125
5 0.28984375 0.8078125 0.1046875 0.0875
0 0.96875 0.77265625 0.0625 0.1609375
4 0.71640625 0.76796875 0.0953125 0.2265625
6 0.50625 0.81796875 0.11875 0.1328125
3 0.07890625 0.85234375 0.1171875 0.0765625
13 0.434375 0.91015625 0.06875 0.0734375
10 0.79296875 0.9671875 0.0078125 0.015625
5 0.9671875 0.9578125 0.065625 0.084375