4 0.80625 0.0046875 0.053125 0.009375
7 0.86640625 0.03046875 0.0984375 0.0609375
4 0.940625 0.0609375 0.11875 0.121875
15 0.71015625 0.13046875 0.0859375 0.0890625
6 0.5640625 0.19140625 0.10625 0.1578125
4 0.3609375 0.23359375 0.125 0.1890625
14 0.1296875 0.31015625 0.115625 0.0765625
14 0.68125 0.3140625 0.115625 0.090625
14 0.8328125 0.41484375 0.096875 0.0765625
7 0.50625 0.4734375 0.040625 0.1
10 0.79921875 0.5296875 0.0546875 0.053125
3 0.7609375 0.56640625 0.078125 0.1234375
15 0.52734375 0.87890625 0.0859375 0.0921875
6 0.409375 0.90703125 0.140625 0.0796875
10 0.59140625 0.94375 0.0546875 0.05625
0 0.81015625 0.9125 0.1640625 0.171875
9 0.25859375 0.95546875 0.2109375 0.0890625