5 0.6234375 0.01171875 0.08125 0.0234375
4 0.0359375 0.0140625 0.071875 0.028125
2 0.78671875 0.0171875 0.1359375 0.034375
8 0.953125 0.10546875 0.09375 0.0921875
7 0.0859375 0.14140625 0.084375 0.0796875
11 0.95234375 0.26171875 0.0765625 0.0765625
16 0.61484375 0.2734375 0.0515625 0.053125
6 0.3 0.3171875 0.090625 0.0625
10 0.11875 0.3515625 0.05 0.04375
5 0.88671875 0.38046875 0.0609375 0.0828125
13 0.71875 0.46796875 0.059375 0.0578125
13 0.32421875 0.57421875 0.0609375 0.0578125
9 0.7 0.59765625 0.06875 0.0578125
1 0.575 0.53671875 0.2125 0.2046875
0 0.91171875 0.84921875 0.1453125 0.1484375
7 0.7234375 0.9734375 0.059375 0.053125
2 0.3609375 0.94609375 0.15625 0.1078125