16 0.2796875 0.16484375 0.053125 0.0421875
16 0.99296875 0.2078125 0.0140625 0.040625
13 0.725 0.2265625 0.059375 0.059375
3 0.78984375 0.3375 0.1046875 0.06875
3 0.390625 0.35625 0.078125 0.046875
8 0.07421875 0.43984375 0.0890625 0.0890625
10 0.62265625 0.5296875 0.0421875 0.046875
13 0.0484375 0.5921875 0.065625 0.0625
7 0.8484375 0.6125 0.109375 0.0375
15 0.03671875 0.640625 0.0734375 0.065625
14 0.68515625 0.6359375 0.0640625 0.096875
12 0.9640625 0.68203125 0.059375 0.0515625
11 0.38359375 0.75546875 0.0765625 0.0828125
15 0.06328125 0.809375 0.0765625 0.075
5 0.384375 0.82734375 0.08125 0.0484375
14 0.259375 0.990625 0.0375 0.01875