10 0.9078125 0.025 0.040625 0.046875
3 0.7078125 0.02578125 0.021875 0.0515625
11 0.678125 0.02734375 0.065625 0.0546875
5 0.2375 0.040625 0.065625 0.071875
1 0.7515625 0.04140625 0.121875 0.0828125
9 0.8890625 0.9828125 0.115625 0.034375
6 0.028125 0.878125 0.05625 0.090625
6 0.71796875 0.8171875 0.1140625 0.053125
14 0.4078125 0.759375 0.078125 0.053125
14 0.3171875 0.73203125 0.065625 0.0484375
14 0.11171875 0.6609375 0.0546875 0.0625
10 0.2875 0.6359375 0.034375 0.04375
14 0.2890625 0.5734375 0.059375 0.053125
16 0.47109375 0.5328125 0.0453125 0.04375
13 0.02734375 0.459375 0.0515625 0.046875
0 0.928125 0.37265625 0.109375 0.1296875
1 0.40390625 0.275 0.1734375 0.2
15 0.07109375 0.3109375 0.0640625 0.059375
10 0.67265625 0.28203125 0.0359375 0.0421875
6 0.4453125 0.19140625 0.075 0.0828125
13 0.38515625 0.19453125 0.0484375 0.0515625
7 0.071875 0.16171875 0.05 0.0921875
4 0.0421875 0.03046875 0.084375 0.0609375
12 0.2765625 0.13203125 0.04375 0.0578125
1 0.25 0.96328125 0.171875 0.0734375
13 0.47421875 0.978125 0.0484375 0.04375
2 0.959375 0.98515625 0.065625 0.0296875
7 0.96875 0.52421875 0.0625 0.0390625
9 0.75703125 0.4296875 0.1484375 0.05
7 0.75 0.34453125 0.065625 0.0390625
7 0.84375 0.26171875 0.09375 0.0515625
3 0.69140625 0.16640625 0.0671875 0.0984375