16 0.00625 0.00234375 0.009375 0.0046875
1 0.003125 0.10390625 0.00625 0.0453125
5 0.64140625 0.1125 0.1328125 0.128125
14 0.72734375 0.14140625 0.0578125 0.0890625
3 0.2921875 0.26875 0.084375 0.134375
4 0.93515625 0.30703125 0.1296875 0.2734375
2 0.50234375 0.43125 0.2234375 0.2125
0 0.22421875 0.49296875 0.2109375 0.2265625
12 0.9984375 0.66796875 0.003125 0.0328125
8 0.296875 0.6484375 0.115625 0.13125
1 0.109375 0.58828125 0.21875 0.3359375
7 0.9375 0.70859375 0.109375 0.1171875
8 0.63671875 0.71171875 0.1484375 0.1765625
10 0.01640625 0.83515625 0.0328125 0.0703125
0 0.125 0.83203125 0.1625 0.2109375
8 0.87890625 0.91015625 0.1515625 0.1453125
4 0.12421875 0.96171875 0.1015625 0.0765625