12 0.10625 0.06328125 0.053125 0.0578125
0 0.98125 0.06328125 0.0375 0.0984375
13 0.82734375 0.1046875 0.0546875 0.05
9 0.73125 0.1453125 0.15 0.1
15 0.04453125 0.18203125 0.0734375 0.0578125
4 0.84765625 0.12734375 0.1078125 0.1890625
6 0.96796875 0.2140625 0.0640625 0.059375
12 0.87109375 0.21484375 0.0546875 0.0578125
16 0.79609375 0.36953125 0.0546875 0.0421875
1 0.09140625 0.3 0.1828125 0.246875
15 0.19140625 0.43515625 0.0734375 0.0703125
7 0.7640625 0.55 0.096875 0.1
8 0.80703125 0.60078125 0.1015625 0.0859375
9 0.08359375 0.6921875 0.1078125 0.09375
9 0.01484375 0.73359375 0.0296875 0.0453125
4 0.94609375 0.7171875 0.1078125 0.11875
5 0.5984375 0.8453125 0.084375 0.0875
1 0.85625 0.76640625 0.253125 0.2578125
14 0.26640625 0.87109375 0.0671875 0.0828125
1 0.421875 0.7953125 0.175 0.24375
16 0.3171875 0.95546875 0.05 0.0546875
15 0.67890625 0.946875 0.0703125 0.075
5 0.10703125 0.99921875 0.0171875 0.0015625