12 0.7359375 0.02421875 0.065625 0.0484375
16 0.35703125 0.05625 0.0609375 0.06875
16 0.83125 0.06171875 0.065625 0.0671875
13 0.52421875 0.10859375 0.0671875 0.0671875
9 0.63125 0.08984375 0.1 0.1265625
5 0.471875 0.16484375 0.09375 0.0546875
6 0.0625 0.11875 0.125 0.15
1 0.94453125 0.42734375 0.1109375 0.2328125
11 0.29296875 0.6109375 0.0828125 0.0875
16 0.42578125 0.64375 0.0609375 0.059375
6 0.075 0.6 0.14375 0.146875
2 0.33671875 0.64375 0.1984375 0.15
9 0.65 0.70859375 0.06875 0.1984375
4 0.69765625 0.76796875 0.0859375 0.1734375
9 0.1921875 0.89453125 0.15625 0.1140625
13 0.63984375 0.94765625 0.0703125 0.0734375
2 0.36484375 0.9875 0.0796875 0.025