3 0.5796875 0.0328125 0.0625 0.046875
6 0.4046875 0.059375 0.09375 0.0875
8 0.7828125 0.08671875 0.084375 0.1109375
12 0.2984375 0.159375 0.059375 0.059375
0 0.9453125 0.11953125 0.109375 0.1734375
9 0.62734375 0.1921875 0.1390625 0.04375
1 0.31640625 0.15703125 0.1515625 0.2265625
8 0.0796875 0.23046875 0.1375 0.1140625
3 0.56484375 0.3078125 0.0640625 0.0875
4 0.8453125 0.334375 0.109375 0.084375
1 0.071875 0.26953125 0.14375 0.2171875
14 0.5109375 0.38828125 0.090625 0.0859375
1 0.928125 0.31015625 0.14375 0.2453125
11 0.7515625 0.41953125 0.084375 0.0796875
7 0.99375 0.46640625 0.0125 0.0296875
11 0.43984375 0.4640625 0.0828125 0.078125
7 0.00078125 0.54921875 0.0015625 0.0046875
7 0.91796875 0.53359375 0.1171875 0.0390625
7 0.978125 0.553125 0.04375 0.053125
0 0.6765625 0.56875 0.103125 0.14375
3 0.159375 0.6328125 0.0875 0.071875
1 0.22265625 0.5734375 0.2171875 0.2125
7 0.015625 0.8 0.03125 0.096875
14 0.078125 0.95546875 0.071875 0.0734375
2 0.51015625 0.98828125 0.0515625 0.0234375
9 0.4890625 0.9234375 0.11875 0.153125
1 0.01953125 0.99921875 0.0015625 0.0015625