6 0.19296875 0.01953125 0.1234375 0.0390625
3 0.97421875 0.02890625 0.0515625 0.0578125
4 0.99375 0.0609375 0.0125 0.01875
4 0.0390625 0.04921875 0.078125 0.0984375
7 0.19140625 0.1140625 0.0703125 0.1
0 0.38828125 0.103125 0.1453125 0.1625
0 0.06953125 0.14296875 0.1359375 0.1578125
16 0.8609375 0.22265625 0.053125 0.0515625
8 0.5765625 0.2625 0.078125 0.084375
6 0.0328125 0.28515625 0.065625 0.1046875
4 0.2890625 0.37734375 0.1125 0.1859375
7 0.4 0.47734375 0.10625 0.0453125
16 0.9796875 0.68125 0.040625 0.053125
14 0.80390625 0.71875 0.0859375 0.0625
6 0.91484375 0.70859375 0.1015625 0.1265625
15 0.015625 0.75078125 0.03125 0.0640625
13 0.684375 0.896875 0.059375 0.05625
3 0.00234375 0.9609375 0.0046875 0.01875
11 0.7765625 0.96953125 0.071875 0.0609375