12 0.8 0.03203125 0.05 0.0546875
4 0.83984375 0.071875 0.0984375 0.14375
3 0.93984375 0.10625 0.0859375 0.08125
11 0.7265625 0.11015625 0.078125 0.0765625
3 0.4328125 0.1 0.0875 0.115625
9 0.2953125 0.2109375 0.140625 0.040625
10 0.0796875 0.2640625 0.040625 0.04375
8 0.40078125 0.25546875 0.0671875 0.0921875
13 0.36171875 0.31953125 0.0546875 0.0546875
1 0.81328125 0.309375 0.1671875 0.15625
15 0.2671875 0.3890625 0.06875 0.06875
16 0.7609375 0.4296875 0.053125 0.05
5 0.94453125 0.46796875 0.0859375 0.0515625
9 0.58359375 0.43671875 0.0859375 0.1484375
13 0.51953125 0.5046875 0.0578125 0.05625
3 0.07265625 0.5015625 0.0890625 0.115625
8 0.9640625 0.68203125 0.071875 0.0828125
7 0.55390625 0.7109375 0.0796875 0.09375
15 0.1359375 0.81171875 0.065625 0.0703125
14 0.1296875 0.884375 0.08125 0.06875
2 0.00703125 0.925 0.0140625 0.0125
12 0.975 0.99609375 0.040625 0.0078125
0 0.06015625 0.9515625 0.1203125 0.096875