1 0.053125 0.00078125 0.009375 0.0015625
8 0.76015625 0.084375 0.0796875 0.096875
9 0.68828125 0.959375 0.1015625 0.08125
10 0.15078125 0.97734375 0.0328125 0.0390625
13 0.47734375 0.9203125 0.0484375 0.05
14 0.734375 0.7359375 0.059375 0.065625
6 0.00234375 0.59921875 0.0046875 0.0421875
16 0.746875 0.575 0.04375 0.040625
9 0.709375 0.36328125 0.09375 0.0734375
11 0.5875 0.271875 0.0625 0.059375
2 0.5125 0.19765625 0.103125 0.1234375
14 0.99921875 0.21796875 0.0015625 0.0171875
12 0.0265625 0.01640625 0.05 0.0328125
2 0.7953125 0.02890625 0.09375 0.0578125
4 0.94296875 0.08515625 0.0828125 0.0578125
9 0.66875 0.8875 0.06875 0.11875
3 0.92265625 0.865625 0.0640625 0.103125
2 0.5328125 0.8234375 0.075 0.1625
6 0.425 0.7078125 0.071875 0.109375
9 0.003125 0.678125 0.00625 0.028125
13 0.1890625 0.6625 0.05 0.046875
4 0.36640625 0.62265625 0.0953125 0.1234375
12 0.59453125 0.5484375 0.0421875 0.046875
9 0.0609375 0.446875 0.08125 0.134375
5 0.42265625 0.27578125 0.0671875 0.0640625