2 0.8390625 0.01796875 0.078125 0.0359375
14 0.846875 0.028125 0.065625 0.05625
3 0.3703125 0.03671875 0.090625 0.0734375
10 0.278125 0.05859375 0.05625 0.0515625
4 0.4359375 0.09453125 0.08125 0.1890625
9 0.040625 0.35078125 0.08125 0.0546875
10 0.18671875 0.38359375 0.0546875 0.0484375
6 0.925 0.38515625 0.14375 0.0796875
11 0.6546875 0.43828125 0.084375 0.0890625
4 0.76953125 0.3890625 0.1109375 0.203125
6 0.0453125 0.4390625 0.090625 0.121875
14 0.11015625 0.49140625 0.1140625 0.0765625
1 0.02109375 0.55859375 0.0421875 0.0796875
15 0.23125 0.57734375 0.08125 0.0765625
4 0.821875 0.53046875 0.0875 0.2046875
5 0.4359375 0.5984375 0.09375 0.096875
7 0.1578125 0.6203125 0.10625 0.121875
2 0.95390625 0.65390625 0.0421875 0.0671875
5 0.65078125 0.6515625 0.0921875 0.1
11 0.37109375 0.6625 0.0828125 0.090625
9 0.15625 0.76796875 0.103125 0.0609375
7 0.38359375 0.809375 0.0859375 0.03125
13 0.5578125 0.9140625 0.065625 0.06875
7 0.4453125 0.92734375 0.090625 0.0546875
11 0.73984375 0.95390625 0.0828125 0.0921875
1 0.6015625 0.98359375 0.071875 0.0328125
1 0.22109375 0.96640625 0.1578125 0.0671875