0 0.0609375 0.1734375 0.090625 0.128125
12 0.921875 0.2140625 0.04375 0.05
1 0.1921875 0.1640625 0.159375 0.178125
13 0.70390625 0.9984375 0.0203125 0.003125
1 0.7265625 0.99921875 0.0125 0.0015625
8 0.27890625 0.93046875 0.0890625 0.1046875
10 0.33515625 0.953125 0.0328125 0.0375
5 0.65625 0.8328125 0.046875 0.06875
8 0.38203125 0.78984375 0.0828125 0.0609375
8 0.17109375 0.753125 0.0953125 0.096875
10 0.77578125 0.74609375 0.0390625 0.0359375
11 0.30625 0.7265625 0.059375 0.059375
0 0.01328125 0.6796875 0.0265625 0.059375
14 0.79921875 0.5984375 0.0515625 0.05
14 0.54609375 0.5375 0.0703125 0.05625
5 0.9625 0.41484375 0.065625 0.0578125
10 0.821875 0.146875 0.0375 0.0375
2 0.1234375 0.09375 0.071875 0.14375
9 0.69453125 0.225 0.1203125 0.065625
6 0.96015625 0.896875 0.0796875 0.096875
15 0.5203125 0.90546875 0.053125 0.0578125
7 0.60234375 0.84375 0.0796875 0.025
8 0.8515625 0.6609375 0.078125 0.06875
4 0.62265625 0.63203125 0.0546875 0.0859375
13 0.0015625 0.64296875 0.003125 0.0203125
16 0.09140625 0.5640625 0.0453125 0.04375
12 0.07265625 0.34765625 0.0484375 0.0390625
1 0.70703125 0.17890625 0.0828125 0.1984375