7 0.05625 0.01875 0.084375 0.0375
7 0.225 0.028125 0.06875 0.05625
10 0.9796875 0.10078125 0.040625 0.0453125
15 0.7953125 0.09765625 0.06875 0.0734375
4 0.85859375 0.09140625 0.1421875 0.1234375
13 0.740625 0.20859375 0.05625 0.0609375
10 0.64296875 0.21796875 0.0421875 0.0484375
3 0.86015625 0.24296875 0.0859375 0.1234375
7 0.54375 0.33359375 0.10625 0.0546875
1 0.93828125 0.25703125 0.1234375 0.2359375
6 0.87421875 0.40546875 0.1359375 0.0484375
0 0.3328125 0.44296875 0.134375 0.1484375
16 0.034375 0.56015625 0.059375 0.0546875
1 0.35078125 0.509375 0.0703125 0.2125
8 0.51953125 0.6015625 0.0859375 0.1
9 0.890625 0.7890625 0.09375 0.16875
13 0.30703125 0.93046875 0.0609375 0.0640625
10 0.82578125 0.94765625 0.0421875 0.0453125
4 0.43046875 0.92578125 0.1109375 0.1484375