14 0.52109375 0.065625 0.0953125 0.13125
0 0.975 0.20703125 0.05 0.1671875
12 0.4453125 0.2890625 0.08125 0.0875
12 0.2453125 0.31796875 0.075 0.0734375
13 0.58203125 0.36640625 0.0828125 0.0828125
10 0.5796875 0.55859375 0.065625 0.0640625
15 0.82578125 0.61328125 0.1046875 0.1046875
5 0.49609375 0.64140625 0.1171875 0.0828125
16 0.9421875 0.7625 0.084375 0.08125
3 0.4953125 0.76171875 0.11875 0.1640625
11 0.9875 0.98828125 0.025 0.0234375
1 0.83046875 0.9078125 0.2953125 0.184375
11 0.375 0.975 0.109375 0.05