2 0.86875 0.0015625 0.01875 0.003125
13 0.54140625 0.015625 0.0578125 0.03125
7 0.31484375 0.1578125 0.0859375 0.059375
13 0.821875 0.23125 0.05625 0.059375
11 0.6125 0.24140625 0.075 0.0734375
7 0.68671875 0.24453125 0.0828125 0.0734375
2 0.078125 0.21171875 0.146875 0.1671875
11 0.0265625 0.2875 0.053125 0.071875
12 0.84765625 0.3625 0.0515625 0.059375
8 0.30390625 0.37109375 0.1140625 0.0859375
13 0.47421875 0.42421875 0.0546875 0.0546875
14 0.30625 0.4265625 0.059375 0.05
4 0.17421875 0.45 0.1109375 0.125
7 0.63515625 0.5109375 0.0921875 0.078125
11 0.37421875 0.63203125 0.0671875 0.0703125
3 0.8296875 0.74765625 0.1 0.1171875
9 0.23984375 0.79140625 0.0796875 0.0671875
11 0.3078125 0.890625 0.071875 0.046875
6 0.94765625 0.9625 0.1046875 0.075
12 0.76171875 0.9859375 0.0359375 0.028125
12 0.20703125 0.9765625 0.0546875 0.046875
8 0.1640625 0.95078125 0.0875 0.0984375
6 0.11875 0.98203125 0.09375 0.0359375