2 0.18359375 0.0234375 0.0671875 0.046875
15 0.490625 0.13359375 0.075 0.0796875
7 0.0046875 0.22265625 0.009375 0.0515625
4 0.6078125 0.25859375 0.075 0.2140625
7 0.7375 0.3703125 0.090625 0.034375
15 0.046875 0.37421875 0.08125 0.0734375
1 0.7359375 0.40703125 0.24375 0.1921875
1 0.12421875 0.5296875 0.1296875 0.2375
13 0.00546875 0.6640625 0.0109375 0.046875
11 0.95546875 0.7734375 0.0859375 0.084375
16 0.340625 0.80703125 0.05625 0.0609375
12 0.36171875 0.88671875 0.0609375 0.0703125
10 0.496875 0.95703125 0.05 0.0296875
16 0.11796875 0.96171875 0.0609375 0.0640625