0 0.46796875 0.05 0.1578125 0.1
4 0.2765625 0.18828125 0.153125 0.0890625
3 0.9875 0.2625 0.025 0.065625
1 0.5828125 0.3390625 0.178125 0.309375
1 0.1578125 0.42890625 0.265625 0.2046875
13 0.66171875 0.50859375 0.0703125 0.0578125
10 0.30078125 0.56015625 0.0515625 0.0546875
5 0.86640625 0.71015625 0.0984375 0.0953125
2 0.28359375 0.73984375 0.2078125 0.0984375
4 0.29765625 0.7828125 0.1265625 0.134375
4 0.92109375 0.78046875 0.1453125 0.1734375
12 0.57578125 0.8296875 0.0609375 0.075
9 0.76484375 0.9078125 0.0734375 0.1125
12 0.965625 0.96328125 0.06875 0.0640625
6 0.66171875 0.96640625 0.1171875 0.0671875