6 0.99765625 0.00078125 0.0046875 0.0015625
6 0.115625 0.0234375 0.13125 0.046875
10 0.0921875 0.14453125 0.05625 0.0546875
1 0.88984375 0.1046875 0.2203125 0.209375
15 0.4875 0.2015625 0.059375 0.075
9 0.38984375 0.22421875 0.1953125 0.1109375
13 0.8578125 0.25859375 0.06875 0.0734375
13 0.059375 0.29609375 0.065625 0.0703125
7 0.215625 0.45546875 0.05625 0.0546875
11 0.4515625 0.49921875 0.090625 0.0890625
13 0.525 0.51328125 0.06875 0.0703125
15 0.70859375 0.51328125 0.0890625 0.0890625
8 0.92734375 0.5515625 0.1453125 0.1375
13 0.63671875 0.58984375 0.0765625 0.0734375
14 0.1109375 0.61796875 0.084375 0.0828125
10 0.534375 0.74921875 0.053125 0.0609375
11 0.82421875 0.76953125 0.0921875 0.0765625
0 0.071875 0.8453125 0.14375 0.2125
7 0.60625 0.984375 0.1125 0.03125
12 0.1953125 0.96875 0.065625 0.0625