8 0.1984375 0.00078125 0.003125 0.0015625
14 0.38515625 0.81328125 0.0484375 0.0578125
4 0.8234375 0.6765625 0.0625 0.159375
7 0.63125 0.69765625 0.046875 0.0921875
1 0.10078125 0.64765625 0.1734375 0.1328125
11 0.5078125 0.6890625 0.065625 0.046875
2 0.5046875 0.65234375 0.153125 0.0828125
0 0.3640625 0.58984375 0.09375 0.1265625
0 0.7640625 0.56328125 0.146875 0.1390625
14 0.49375 0.4609375 0.053125 0.04375
14 0.65078125 0.41171875 0.0796875 0.0578125
1 0.51875 0.25390625 0.18125 0.1703125
10 0.1171875 0.1859375 0.040625 0.046875
1 0.6921875 0.95859375 0.096875 0.0828125
7 0.98984375 0.98125 0.0203125 0.03125
1 0.06953125 0.78671875 0.1390625 0.1796875
14 0.79375 0.78359375 0.05625 0.0546875
16 0.43515625 0.76953125 0.0453125 0.0453125
9 0.00703125 0.703125 0.0078125 0.003125
13 0.38515625 0.51328125 0.0234375 0.0265625
10 0.94765625 0.46640625 0.0015625 0.0015625
7 0.41640625 0.175 0.0859375 0.071875
7 0.34765625 0.15546875 0.0828125 0.0984375
4 0.0375 0.10859375 0.075 0.1359375
14 0.38046875 0.065625 0.0546875 0.090625
14 0.59609375 0.06875 0.0546875 0.053125