10 0.7078125 0.0109375 0.059375 0.021875
11 0.98125 0.046875 0.0375 0.09375
14 0.28984375 0.1140625 0.1203125 0.1
12 0.02265625 0.1859375 0.0453125 0.0875
2 0.59140625 0.115625 0.1703125 0.23125
2 0.01015625 0.6 0.0203125 0.103125
15 0.22578125 0.7046875 0.1140625 0.109375
4 0.96796875 0.65 0.0640625 0.265625
8 0.1421875 0.79453125 0.13125 0.1640625
3 0.3140625 0.8109375 0.175 0.153125
1 0.103125 0.834375 0.20625 0.240625
2 0.95078125 0.97109375 0.0984375 0.0578125
7 0.178125 0.978125 0.103125 0.04375