11 0.4421875 0.02578125 0.078125 0.0515625
11 0.9703125 0.11015625 0.059375 0.0765625
8 0.16953125 0.17109375 0.0859375 0.1359375
10 0.36015625 0.22421875 0.0453125 0.0421875
15 0.55390625 0.2296875 0.0703125 0.071875
6 0.8234375 0.2875 0.08125 0.1
8 0.809375 0.36484375 0.103125 0.0765625
15 0.03203125 0.46171875 0.0640625 0.0703125
10 0.94140625 0.47578125 0.0484375 0.0453125
14 0.053125 0.546875 0.1 0.075
12 0.53046875 0.5875 0.0640625 0.05
7 0.7234375 0.58515625 0.08125 0.0984375
2 0.83203125 0.5609375 0.0546875 0.1875
3 0.596875 0.671875 0.10625 0.084375
13 0.18359375 0.74140625 0.0609375 0.0609375
8 0.628125 0.75703125 0.115625 0.0984375
14 0.35 0.77578125 0.065625 0.1046875
4 0.5578125 0.78984375 0.09375 0.1546875
12 0.5359375 0.86015625 0.065625 0.0546875
7 0.203125 0.93046875 0.075 0.0796875
8 0.459375 0.93203125 0.096875 0.1171875