5 0.9921875 0.00859375 0.015625 0.0171875
14 0.60390625 0.0125 0.0546875 0.025
14 0.41015625 0.02265625 0.0328125 0.0453125
2 0.5671875 0.240625 0.05 0.046875
11 0.60390625 0.27421875 0.0703125 0.0765625
0 0.75546875 0.25390625 0.1140625 0.1421875
1 0.1359375 0.2828125 0.15625 0.234375
5 0.61796875 0.40234375 0.0796875 0.0796875
12 0.13671875 0.42421875 0.0515625 0.0546875
11 0.890625 0.4671875 0.078125 0.071875
9 0.87734375 0.540625 0.0828125 0.11875
0 0.0265625 0.59375 0.053125 0.1
3 0.0453125 0.68203125 0.090625 0.1171875
9 0.5265625 0.659375 0.0625 0.171875
2 0.9421875 0.69296875 0.090625 0.1765625
3 0.1 0.76171875 0.071875 0.1078125
3 0.92734375 0.76171875 0.1109375 0.1171875
14 0.85859375 0.78046875 0.0640625 0.0890625
10 0.53125 0.84296875 0.00625 0.0171875
9 0.27578125 0.81484375 0.1265625 0.0796875
7 0.0984375 0.896875 0.084375 0.046875
6 0.32421875 0.91953125 0.1296875 0.0796875
4 0.97265625 0.8765625 0.0546875 0.18125