1 0.759375 0.015625 0.121875 0.03125
1 0.0625 0.02265625 0.125 0.0453125
3 0.62109375 0.025 0.0671875 0.05
6 0.23046875 0.09453125 0.0953125 0.0953125
10 0.64140625 0.14375 0.0421875 0.04375
14 0.9890625 0.13515625 0.021875 0.0734375
16 0.3203125 0.22421875 0.053125 0.0484375
7 0.10859375 0.21171875 0.0984375 0.0859375
2 0.95546875 0.22109375 0.0890625 0.0734375
4 0.33515625 0.27109375 0.1671875 0.0984375
3 0.971875 0.31015625 0.05625 0.1140625
2 0.175 0.421875 0.125 0.159375
14 0.615625 0.45703125 0.065625 0.0921875
7 0.89921875 0.47421875 0.0734375 0.0921875
15 0.19453125 0.50390625 0.0703125 0.0640625
11 0.0578125 0.559375 0.084375 0.075
3 0.15546875 0.58203125 0.0734375 0.0890625
1 0.7984375 0.61953125 0.2375 0.1921875
14 0.321875 0.77421875 0.084375 0.0640625
0 0.19375 0.76953125 0.165625 0.1609375
6 0.00078125 0.8546875 0.0015625 0.009375
4 0.21484375 0.84921875 0.0828125 0.1296875
6 0.7625 0.9515625 0.125 0.096875
9 0.64375 0.96015625 0.1 0.0796875
8 0.26953125 0.9625 0.1046875 0.075
11 0.08984375 0.97890625 0.0734375 0.0421875