14 0.65234375 0.0125 0.0484375 0.025
10 0.32109375 0.1640625 0.0421875 0.05625
2 0.5 0.18125 0.165625 0.10625
9 0.85234375 0.16484375 0.0859375 0.1859375
0 0.0015625 0.3140625 0.003125 0.025
12 0.36171875 0.39140625 0.0609375 0.0578125
11 0.01953125 0.4203125 0.0390625 0.071875
7 0.5625 0.42265625 0.046875 0.0921875
6 0.8875 0.47421875 0.090625 0.1046875
6 0.5015625 0.58125 0.103125 0.1
13 0.025 0.6453125 0.05 0.059375
0 0.21875 0.63515625 0.1625 0.1109375
6 0.384375 0.64140625 0.13125 0.1296875
11 0.28359375 0.73203125 0.0734375 0.0734375
11 0.9953125 0.7859375 0.009375 0.0375
5 0.78671875 0.8796875 0.0671875 0.09375
15 0.26796875 0.9859375 0.0703125 0.028125