15 0.4 0.01484375 0.05625 0.0296875
10 0.48203125 0.028125 0.0359375 0.0375
14 0.57421875 0.0375 0.0609375 0.053125
0 0.665625 0.0359375 0.09375 0.071875
15 0.75234375 0.06796875 0.0578125 0.0609375
15 0.9796875 0.096875 0.040625 0.059375
3 0.9546875 0.12890625 0.090625 0.0640625
6 0.27734375 0.9734375 0.0921875 0.053125
1 0.98203125 0.91484375 0.0359375 0.1703125
10 0.1265625 0.95 0.0375 0.040625
10 0.84609375 0.94609375 0.0328125 0.0390625
0 0.37578125 0.82109375 0.0890625 0.1359375
14 0.22421875 0.82890625 0.0765625 0.0515625
14 0.85234375 0.725 0.0703125 0.05
8 0.7265625 0.5796875 0.078125 0.075
15 0.11640625 0.5734375 0.0546875 0.053125
8 0.3625 0.384375 0.06875 0.08125
14 0.74375 0.27890625 0.053125 0.0515625
2 0.81328125 0.18984375 0.1078125 0.1484375
10 0.1265625 0.19609375 0.0375 0.0328125
6 0.05625 0.98828125 0.015625 0.0234375
4 0.46328125 0.99609375 0.0171875 0.0078125
5 0.49765625 0.96484375 0.0640625 0.0703125
15 0.1734375 0.6765625 0.05625 0.05625
14 0.45546875 0.58125 0.0671875 0.046875
3 0.4171875 0.55703125 0.05 0.0796875
4 0.29453125 0.4765625 0.0796875 0.13125
12 0.55859375 0.51328125 0.0421875 0.0515625
3 0.91015625 0.4421875 0.0765625 0.084375
13 0.01484375 0.4171875 0.0296875 0.046875
9 0.93515625 0.35 0.1234375 0.075
2 0.4546875 0.18671875 0.1 0.1484375
9 0.70546875 0.196875 0.0296875 0.078125