12 0.69375 0.0171875 0.04375 0.034375
5 0.509375 0.06796875 0.06875 0.0734375
8 0.08984375 0.159375 0.0890625 0.0875
15 0.22109375 0.1828125 0.0203125 0.05
10 0.38828125 0.921875 0.0359375 0.0375
2 0.04453125 0.85 0.0890625 0.15
1 0.53671875 0.77265625 0.1515625 0.1359375
6 0.6453125 0.58203125 0.071875 0.0359375
2 0.37890625 0.465625 0.0640625 0.11875
6 0.7609375 0.37578125 0.059375 0.0828125
9 0.0359375 0.18984375 0.071875 0.0703125
2 0.990625 0.003125 0.01875 0.00625
12 0.8140625 0.021875 0.05625 0.04375
4 0.26171875 0.0921875 0.0703125 0.096875
3 0.065625 0.98203125 0.05 0.0359375
6 0.57890625 0.97421875 0.1015625 0.0515625
2 0.1703125 0.84921875 0.125 0.1484375
16 0.734375 0.87734375 0.04375 0.0453125
5 0.11640625 0.84375 0.0703125 0.06875
3 0.02578125 0.78828125 0.0515625 0.0765625
1 0.45546875 0.58984375 0.0671875 0.1671875
15 0.76484375 0.54609375 0.0484375 0.0390625
1 0.6890625 0.5 0.203125 0.115625
10 0.30625 0.53515625 0.040625 0.0359375
2 0.2125 0.40234375 0.11875 0.1265625
9 0.89609375 0.35390625 0.1171875 0.0734375
1 0.9921875 0.24453125 0.015625 0.1640625