15 0.46640625 0.0265625 0.0140625 0.053125
1 0.84375 0.03671875 0.146875 0.0734375
1 0.5921875 0.06640625 0.25 0.1328125
1 0.4375 0.07734375 0.2625 0.1546875
6 0.3953125 0.10234375 0.184375 0.1078125
3 0.6203125 0.13515625 0.13125 0.1984375
7 0.81953125 0.2265625 0.1015625 0.1375
0 0.41640625 0.2109375 0.2546875 0.2125
11 0.0140625 0.3046875 0.028125 0.08125
6 0.084375 0.3078125 0.165625 0.10625
1 0.21328125 0.3015625 0.1828125 0.371875
6 0.98671875 0.565625 0.0265625 0.1
8 0.79453125 0.5734375 0.1921875 0.16875
9 0.75 0.6796875 0.228125 0.065625
10 0.88671875 0.8796875 0.0703125 0.071875
7 0.7140625 0.97421875 0.13125 0.0515625
9 0.03125 0.978125 0.028125 0.04375