10 0.971875 0.01484375 0.05625 0.0296875
14 0.5296875 0.01796875 0.0875 0.0359375
4 0.82109375 0.078125 0.1078125 0.15625
1 0.64921875 0.0921875 0.2296875 0.184375
8 0.4671875 0.33046875 0.09375 0.1265625
10 0.72109375 0.36953125 0.0703125 0.0671875
2 0.11171875 0.37265625 0.2234375 0.2390625
8 0.58515625 0.446875 0.1421875 0.16875
15 0.74609375 0.6203125 0.1046875 0.10625
4 0.940625 0.73203125 0.11875 0.1578125
6 0.32265625 0.7796875 0.1921875 0.078125
13 0.9640625 0.81484375 0.071875 0.0890625