2 0.21953125 0.03671875 0.0828125 0.0734375
15 0.96484375 0.06953125 0.0703125 0.0796875
15 0.678125 0.103125 0.071875 0.075
8 0.5484375 0.1078125 0.090625 0.121875
8 0.103125 0.12109375 0.0875 0.1265625
0 0.86328125 0.13046875 0.1703125 0.1578125
12 0.31015625 0.2484375 0.0609375 0.053125
6 0.0734375 0.265625 0.109375 0.121875
2 0.91640625 0.39609375 0.1671875 0.1390625
8 0.15859375 0.4328125 0.1296875 0.125
5 0.18046875 0.51796875 0.0859375 0.0421875
9 0.6390625 0.54609375 0.140625 0.0671875
16 0.02421875 0.55859375 0.0359375 0.0515625
15 0.9765625 0.6140625 0.046875 0.040625
9 0.753125 0.5859375 0.153125 0.10625
5 0.0671875 0.61953125 0.078125 0.0578125
14 0.8984375 0.62578125 0.071875 0.0984375
2 0.14140625 0.628125 0.1078125 0.178125
10 0.84765625 0.7015625 0.0453125 0.04375
11 0.46015625 0.6921875 0.0796875 0.08125
1 0.5921875 0.64921875 0.1375 0.2421875
4 0.75625 0.77109375 0.096875 0.1734375
3 0.384375 0.97265625 0.00625 0.0109375
3 0.02734375 0.97734375 0.0546875 0.0453125