0 0.4171875 0.003125 0.046875 0.00625
15 0.52890625 0.19921875 0.0171875 0.0203125
9 0.62265625 0.971875 0.1296875 0.05625
5 0.67109375 0.96875 0.0640625 0.0625
4 0.4953125 0.90078125 0.084375 0.1265625
5 0.53046875 0.88125 0.0609375 0.071875
15 0.77421875 0.7921875 0.0546875 0.053125
0 0.04453125 0.6671875 0.0890625 0.10625
5 0.12890625 0.67421875 0.0328125 0.0671875
14 0.62421875 0.6625 0.0546875 0.046875
12 0.9609375 0.61328125 0.046875 0.0421875
7 0.09140625 0.575 0.0859375 0.059375
2 0.27265625 0.4546875 0.0796875 0.1375
5 0.86015625 0.4078125 0.0703125 0.05625
11 0.0015625 0.39453125 0.003125 0.0140625
8 0.921875 0.32890625 0.08125 0.0703125
9 0.2859375 0.23828125 0.1375 0.0484375
13 0.684375 0.01875 0.046875 0.0375
9 0.92578125 0.99140625 0.0796875 0.0171875
5 0.38515625 0.79453125 0.0671875 0.0296875
5 0.54296875 0.6421875 0.0640625 0.028125
16 0.23359375 0.584375 0.0421875 0.040625
4 0.378125 0.546875 0.153125 0.053125