3 0.09375 0.00625 0.053125 0.0125
8 0.81875 0.03671875 0.084375 0.0734375
0 0.13046875 0.040625 0.0984375 0.08125
14 0.49375 0.07578125 0.05 0.0796875
4 0.32265625 0.06171875 0.0921875 0.1234375
7 0.25390625 0.159375 0.0703125 0.0625
10 0.0984375 0.18515625 0.034375 0.0359375
9 0.93203125 0.16953125 0.0640625 0.0703125
16 0.9984375 0.28671875 0.003125 0.0015625
13 0.67734375 0.99375 0.0390625 0.0125
6 0.9734375 0.98046875 0.053125 0.0390625
5 0.72265625 0.90390625 0.0609375 0.0546875
14 0.90859375 0.85 0.0734375 0.05
15 0.33984375 0.84140625 0.0546875 0.0578125
15 0.61171875 0.728125 0.0546875 0.053125
5 0.4546875 0.690625 0.065625 0.0375
10 0.80390625 0.690625 0.0359375 0.03125
8 0.9546875 0.59140625 0.090625 0.0765625
6 0.94140625 0.50390625 0.0921875 0.0984375
2 0.3234375 0.51171875 0.125 0.0609375
3 0.24765625 0.4921875 0.0484375 0.08125
14 0.99375 0.42421875 0.0125 0.0421875
3 0.7765625 0.0078125 0.028125 0.015625
12 0.3546875 0.04296875 0.040625 0.0546875
1 0.28359375 0.0796875 0.1671875 0.159375
12 0.37265625 0.175 0.0421875 0.046875
7 0.60859375 0.990625 0.0453125 0.01875
4 0.35390625 0.93984375 0.0734375 0.0984375
3 0.1515625 0.84453125 0.065625 0.0765625
4 0.24140625 0.7578125 0.1140625 0.11875
6 0.05 0.75078125 0.1 0.0546875
15 0.12109375 0.63203125 0.0578125 0.0546875
2 0.2296875 0.5390625 0.065625 0.08125
9 0.56015625 0.5390625 0.0703125 0.075
3 0.18046875 0.253125 0.0515625 0.08125