15 0.0359375 0.0921875 0.071875 0.084375
1 0.46640625 0.10703125 0.1421875 0.2140625
2 0.3140625 0.1546875 0.125 0.196875
10 0.24609375 0.2546875 0.0546875 0.05
5 0.92421875 0.36484375 0.0859375 0.1015625
16 0.62734375 0.496875 0.0609375 0.059375
13 0.553125 0.5453125 0.06875 0.065625
14 0.20625 0.5671875 0.084375 0.075
7 0.0359375 0.57109375 0.071875 0.1078125
0 0.99453125 0.7390625 0.0109375 0.0625
13 0.0671875 0.840625 0.0625 0.034375
3 0.18203125 0.83125 0.0859375 0.125
1 0.284375 0.76328125 0.13125 0.2890625
4 0.9609375 0.90390625 0.078125 0.1671875
15 0.83359375 0.975 0.0828125 0.05