0 0.59375 0.99921875 0.015625 0.0015625
15 0.36796875 0.928125 0.0640625 0.071875
15 0.86171875 0.921875 0.0671875 0.06875
6 0.01171875 0.7921875 0.0234375 0.084375
2 0.63828125 0.7546875 0.1140625 0.146875
11 0.9125 0.7671875 0.078125 0.071875
5 0.51171875 0.753125 0.0765625 0.071875
6 0.9890625 0.75078125 0.021875 0.0484375
13 0.2953125 0.7265625 0.05625 0.053125
10 0.4515625 0.5734375 0.0375 0.040625
5 0.14765625 0.50078125 0.0828125 0.0609375
15 0.98828125 0.4125 0.0234375 0.05625
8 0.37109375 0.35 0.0859375 0.0875
9 0.0140625 0.36875 0.028125 0.046875
0 0.07734375 0.159375 0.1546875 0.10625
6 0.53828125 0.0359375 0.0890625 0.071875
2 0.1203125 0.803125 0.171875 0.153125
7 0.02421875 0.67421875 0.0484375 0.0796875
16 0.03515625 0.5 0.0515625 0.046875
15 0.49375 0.35234375 0.065625 0.0640625
5 0.97421875 0.2671875 0.0515625 0.08125
4 0.08203125 0.246875 0.0703125 0.084375
12 0.4375 0.234375 0.053125 0.053125
7 0.878125 0.20859375 0.103125 0.0671875
9 0.47421875 0.14140625 0.0828125 0.0859375
2 0.959375 0.08984375 0.08125 0.1671875
13 0.34765625 0.0875 0.0546875 0.05625