0 0.678125 0.00625 0.03125 0.0125
13 0.803125 0.07890625 0.059375 0.0609375
10 0.4109375 0.09375 0.053125 0.046875
4 0.553125 0.22734375 0.11875 0.1828125
5 0.2578125 0.3890625 0.08125 0.0625
3 0.83828125 0.43671875 0.1265625 0.0984375
8 0.21015625 0.52890625 0.0578125 0.0421875
11 0.98984375 0.528125 0.0203125 0.059375
1 0.82578125 0.4703125 0.1578125 0.2125
6 0.36171875 0.56484375 0.1234375 0.1171875
12 0.13203125 0.64140625 0.0671875 0.0515625
7 0.36640625 0.70703125 0.1015625 0.1015625
6 0.5296875 0.8046875 0.075 0.04375
1 0.50078125 0.715625 0.2234375 0.253125
3 0.3671875 0.81953125 0.096875 0.1046875
11 0.23359375 0.9046875 0.0828125 0.084375
1 0.7015625 0.834375 0.23125 0.25625
7 0.45546875 0.97109375 0.0703125 0.0578125