0 0.98203125 0.00546875 0.0359375 0.0109375
12 0.0203125 0.00859375 0.040625 0.0171875
2 0.39296875 0.109375 0.1234375 0.15
5 0.25703125 0.975 0.0671875 0.05
8 0.08203125 0.91640625 0.0890625 0.0921875
8 0.36640625 0.87265625 0.0734375 0.0859375
13 0.97578125 0.89609375 0.0234375 0.0328125
6 0.6109375 0.79921875 0.090625 0.0734375
14 0.09375 0.71015625 0.075 0.0546875
8 0.4125 0.6609375 0.075 0.08125
12 0.98671875 0.478125 0.0265625 0.040625
10 0.8421875 0.359375 0.04375 0.034375
7 0.16640625 0.18671875 0.0390625 0.0515625
6 0.5953125 0.03359375 0.096875 0.0671875
4 0.625 0.97421875 0.08125 0.0515625
5 0.853125 0.98828125 0.0375 0.0234375
14 0.76171875 0.81796875 0.0765625 0.0578125
8 0.0015625 0.83359375 0.003125 0.0078125
2 0.409375 0.634375 0.140625 0.109375
12 0.546875 0.66171875 0.046875 0.0484375