1 0.70390625 0.02421875 0.1109375 0.0484375
0 0.91015625 0.090625 0.1390625 0.134375
16 0.68203125 0.17109375 0.0390625 0.0421875
14 0.18125 0.99765625 0.003125 0.0046875
10 0.36328125 0.996875 0.0234375 0.00625
11 0.24921875 0.92578125 0.0609375 0.0640625
1 0.31796875 0.8484375 0.1359375 0.18125
1 0.6609375 0.84609375 0.171875 0.1796875
3 0.6984375 0.75546875 0.065625 0.0484375
15 0.028125 0.6765625 0.05625 0.05625
4 0.02265625 0.55 0.0453125 0.125
2 0.06015625 0.57578125 0.0734375 0.0609375
10 0.99375 0.51015625 0.0125 0.0359375
12 0.24765625 0.50625 0.0421875 0.040625
12 0.009375 0.38984375 0.01875 0.0390625
9 0.346875 0.38828125 0.096875 0.0359375
13 0.659375 0.29296875 0.046875 0.0453125
11 0.25234375 0.1609375 0.0578125 0.053125
1 0.115625 0.96484375 0.146875 0.0703125
11 0.96640625 0.96875 0.0671875 0.0625
6 0.996875 0.90078125 0.00625 0.0078125
13 0.6171875 0.66796875 0.046875 0.0484375
4 0.75625 0.61171875 0.084375 0.1421875
2 0.88515625 0.5234375 0.1421875 0.11875
9 0.4484375 0.484375 0.134375 0.09375
11 0.35078125 0.44609375 0.0578125 0.0609375
1 0.87578125 0.29296875 0.1546875 0.1734375
14 0.49453125 0.3609375 0.0328125 0.01875
3 0.97421875 0.29296875 0.0515625 0.0609375
3 0.4875 0.190625 0.053125 0.096875