0 0.0328125 0.015625 0.065625 0.03125
16 0.7609375 0.0265625 0.053125 0.053125
8 0.67265625 0.05390625 0.1046875 0.1078125
4 0.3484375 0.07734375 0.15 0.0828125
11 0.5015625 0.16484375 0.075 0.0765625
0 0.30703125 0.17421875 0.1515625 0.1484375
8 0.4546875 0.2171875 0.115625 0.1125
11 0.6234375 0.284375 0.065625 0.06875
6 0.040625 0.28359375 0.08125 0.0734375
9 0.3734375 0.3078125 0.128125 0.115625
5 0.0015625 0.35703125 0.003125 0.0296875
10 0.95078125 0.40078125 0.0484375 0.0421875
13 0.2140625 0.48515625 0.034375 0.0546875
16 0.92890625 0.5203125 0.0546875 0.05
1 0.12734375 0.4671875 0.2109375 0.21875
15 0.01171875 0.5578125 0.0234375 0.059375
1 0.74765625 0.54765625 0.1609375 0.2296875
6 0.9734375 0.61875 0.053125 0.10625
6 0.009375 0.69453125 0.01875 0.0546875
1 0.5171875 0.65859375 0.209375 0.1515625
14 0.5125 0.753125 0.025 0.028125
7 0.01796875 0.7921875 0.0359375 0.04375
11 0.33203125 0.846875 0.0703125 0.078125
5 0.95234375 0.8625 0.0796875 0.071875