14 0.53671875 0.03203125 0.0703125 0.0640625
12 0.12734375 0.09921875 0.0703125 0.0609375
15 0.9609375 0.10546875 0.078125 0.0828125
1 0.68125 0.0859375 0.121875 0.171875
0 0.76328125 0.1125 0.1421875 0.16875
2 0.8703125 0.240625 0.16875 0.1375
1 0.30859375 0.21953125 0.2109375 0.2421875
10 0.29921875 0.33203125 0.0546875 0.0484375
15 0.384375 0.3671875 0.078125 0.078125
11 0.81953125 0.37578125 0.0859375 0.0859375
15 0.17265625 0.39609375 0.0765625 0.0765625
13 0.00546875 0.51015625 0.0109375 0.0421875
1 0.90703125 0.39609375 0.1078125 0.2859375
14 0.09921875 0.59375 0.1046875 0.071875
1 0.1296875 0.61640625 0.259375 0.1671875
16 0.38125 0.675 0.05625 0.05625
5 0.91875 0.69140625 0.1 0.0953125
0 0.63671875 0.7484375 0.1296875 0.13125
16 0.3375 0.815625 0.059375 0.059375
13 0.62265625 0.94609375 0.0640625 0.0671875
8 0.88359375 0.98359375 0.1140625 0.0328125
1 0.609375 0.95703125 0.18125 0.0859375
3 0.30625 0.9625 0.1 0.075