6 0.78671875 0.0265625 0.1046875 0.053125
3 0.40546875 0.0296875 0.0546875 0.059375
6 0.82890625 0.10859375 0.1046875 0.0640625
6 0.5390625 0.1078125 0.1 0.0875
1 0.67109375 0.09296875 0.1109375 0.1859375
14 0.653125 0.146875 0.040625 0.078125
0 0.2265625 0.15625 0.115625 0.0875
0 0.42265625 0.14609375 0.1234375 0.1140625
14 0.97734375 0.19375 0.0453125 0.053125
1 0.38125 0.95703125 0.096875 0.0859375
6 0.78046875 0.9046875 0.0953125 0.08125
1 0.56796875 0.86484375 0.1296875 0.0859375
10 0.20859375 0.884375 0.0328125 0.0375
6 0.43046875 0.809375 0.1015625 0.08125
0 0.56484375 0.7703125 0.1265625 0.125
0 0.09765625 0.696875 0.1171875 0.125
15 0.73046875 0.68671875 0.0546875 0.0546875
5 0.17890625 0.67578125 0.0671875 0.0453125
11 0.5953125 0.65234375 0.01875 0.0265625
4 0.546875 0.603125 0.140625 0.06875
6 0.0859375 0.58046875 0.096875 0.0953125
5 0.59296875 0.5640625 0.0640625 0.03125
6 0.68515625 0.52578125 0.0796875 0.0640625
14 0.94921875 0.52421875 0.0515625 0.0671875
13 0.8015625 0.528125 0.046875 0.04375
7 0.01171875 0.48984375 0.0234375 0.0734375
10 0.578125 0.4953125 0.0375 0.034375
10 0.8875 0.49375 0.03125 0.034375
4 0.684375 0.38671875 0.11875 0.1203125
16 0.359375 0.4140625 0.028125 0.034375
5 0.015625 0.37890625 0.03125 0.0640625
0 0.871875 0.2984375 0.128125 0.128125
6 0.421875 0.22578125 0.090625 0.0765625
15 0.23828125 0.19453125 0.0484375 0.0328125
4 0.86171875 0.18203125 0.1359375 0.1328125
3 0.7265625 0.98125 0.0875 0.0375
12 0.034375 0.94140625 0.05 0.0328125
5 0.46640625 0.87578125 0.0578125 0.0671875
4 0.3625 0.74296875 0.109375 0.1390625
6 0.21328125 0.73828125 0.1046875 0.0734375
4 0.34921875 0.70546875 0.0765625 0.1328125
16 0.97265625 0.7125 0.0453125 0.040625
11 0.02890625 0.64453125 0.0578125 0.0609375
1 0.225 0.5234375 0.09375 0.1625
3 0.3984375 0.43125 0.05625 0.090625
12 0.221875 0.36796875 0.040625 0.0484375
14 0.521875 0.30390625 0.071875 0.0515625
7 0.76796875 0.290625 0.0859375 0.040625