11 0.53828125 0.0171875 0.0828125 0.034375
4 0.2 0.03828125 0.115625 0.0765625
0 0.04375 0.071875 0.0875 0.14375
1 0.91015625 0.0765625 0.1796875 0.153125
9 0.46171875 0.18359375 0.0640625 0.1703125
12 0.9625 0.3015625 0.075 0.0625
9 0.4140625 0.3078125 0.0875 0.084375
15 0.13203125 0.3328125 0.0890625 0.08125
11 0.84140625 0.3421875 0.0890625 0.0875
4 0.01640625 0.39921875 0.0328125 0.1234375
12 0.9875 0.4578125 0.025 0.071875
0 0.5765625 0.40234375 0.1875 0.1921875
14 0.309375 0.55625 0.1 0.078125
16 0.0109375 0.62109375 0.021875 0.0578125
7 0.5140625 0.6140625 0.121875 0.115625
2 0.9140625 0.80078125 0.171875 0.0703125
11 0.5796875 0.8359375 0.090625 0.1
9 0.01328125 0.903125 0.0265625 0.05
13 0.465625 0.91875 0.071875 0.078125