4 0.23984375 0.00546875 0.0359375 0.0109375
9 0.31796875 0.0234375 0.0609375 0.046875
1 0.15625 0.97734375 0.11875 0.0453125
0 0.896875 0.93828125 0.09375 0.1234375
0 0.2921875 0.865625 0.128125 0.15
10 0.19375 0.83984375 0.040625 0.0390625
8 0.57890625 0.80703125 0.1046875 0.0953125
6 0.0375 0.7921875 0.075 0.09375
1 0.78046875 0.7234375 0.1796875 0.2
16 0.95 0.62421875 0.05 0.0453125
1 0.00234375 0.596875 0.0046875 0.01875
0 0.49609375 0.4390625 0.0953125 0.13125
13 0.346875 0.4171875 0.053125 0.05
14 0.3984375 0.28828125 0.065625 0.0703125
11 0.40078125 0.24375 0.0671875 0.059375
15 0.09375 0.2234375 0.065625 0.0625
8 0.94140625 0.19140625 0.0984375 0.0953125
16 0.1515625 0.1265625 0.05 0.05
7 0.5953125 0.0125 0.053125 0.025
1 0.0953125 0.01328125 0.034375 0.0265625
7 0.4625 0.93203125 0.053125 0.0984375
3 0.99765625 0.96640625 0.0046875 0.0234375
1 0.6625 0.94609375 0.00625 0.0046875
6 0.36328125 0.790625 0.1078125 0.08125
9 0.24609375 0.7546875 0.1390625 0.078125
4 0.4546875 0.61484375 0.165625 0.0671875
9 0.12421875 0.5546875 0.0546875 0.046875
3 0.6421875 0.53125 0.05625 0.09375
6 0.6171875 0.45546875 0.103125 0.1015625
16 0.63984375 0.34609375 0.0453125 0.0453125
8 0.78828125 0.22734375 0.0828125 0.1046875
9 0.52421875 0.19375 0.1265625 0.09375
7 0.19375 0.096875 0.09375 0.040625