11 0.04921875 0.02578125 0.0765625 0.0515625
13 0.5078125 0.11953125 0.04375 0.0578125
2 0.53359375 0.0765625 0.0671875 0.153125
5 0.75078125 0.121875 0.0859375 0.075
13 0.615625 0.13984375 0.05625 0.0609375
0 0.37734375 0.1375 0.0953125 0.159375
1 0.85703125 0.13828125 0.1453125 0.2390625
15 0.25 0.23828125 0.06875 0.0671875
13 0.83984375 0.315625 0.0640625 0.05625
3 0.34609375 0.4609375 0.0734375 0.096875
8 0.05625 0.46171875 0.071875 0.1234375
15 0.7703125 0.5140625 0.071875 0.06875
3 0.61796875 0.64609375 0.1046875 0.0890625
3 0.54453125 0.67734375 0.0984375 0.1203125
4 0.009375 0.7234375 0.01875 0.028125
15 0.6296875 0.7140625 0.06875 0.071875
11 0.4953125 0.73203125 0.06875 0.0765625
14 0.3390625 0.8515625 0.08125 0.075
7 0.72109375 0.9 0.1046875 0.06875
12 0.9421875 0.92578125 0.053125 0.0546875
9 0.8890625 0.875 0.05625 0.175
5 0.13671875 0.93515625 0.0859375 0.0796875
15 0.82890625 0.9671875 0.0703125 0.065625
5 0.4546875 0.978125 0.06875 0.04375
9 0.24921875 0.99140625 0.0265625 0.0171875