4 0.96328125 0.00859375 0.0609375 0.0171875
16 0.0953125 0.059375 0.06875 0.065625
5 0.5203125 0.17890625 0.09375 0.1015625
10 0.5828125 0.25546875 0.053125 0.0453125
0 0.125 0.28828125 0.20625 0.1546875
6 0.39296875 0.309375 0.1296875 0.13125
0 0.2359375 0.29296875 0.115625 0.1890625
15 0.79609375 0.346875 0.0859375 0.084375
6 0.4640625 0.41015625 0.065625 0.1390625
6 0.7765625 0.45546875 0.1375 0.1609375
3 0.28515625 0.49453125 0.1421875 0.1015625
13 0.846875 0.60625 0.078125 0.071875
10 0.115625 0.61796875 0.0625 0.0546875
9 0.90859375 0.75703125 0.0765625 0.2265625
7 0.428125 0.83203125 0.1125 0.1328125
2 0.16328125 0.82734375 0.1859375 0.1734375
2 0.67890625 0.9046875 0.2140625 0.190625
6 0.553125 0.928125 0.125 0.14375