16 0.49296875 0.9484375 0.0421875 0.053125
2 0.89375 0.9015625 0.140625 0.1125
3 0.46171875 0.7640625 0.1109375 0.1
13 0.55703125 0.75234375 0.0328125 0.0546875
10 0.79296875 0.6796875 0.0484375 0.040625
8 0.9359375 0.5984375 0.1125 0.096875
10 0.80234375 0.59140625 0.0453125 0.0421875
15 0.14296875 0.54296875 0.0671875 0.0640625
11 0.94921875 0.46328125 0.0765625 0.0734375
8 0.9140625 0.375 0.09375 0.08125
1 0.58203125 0.23828125 0.1515625 0.2265625
3 0.303125 0.29296875 0.0625 0.0703125
7 0.00625 0.30703125 0.0125 0.0390625
2 0.428125 0.08125 0.1 0.1625
4 0.64921875 0.0046875 0.0609375 0.009375
7 0.94296875 0.99453125 0.0140625 0.0109375
1 0.96796875 0.96171875 0.0640625 0.0765625
3 0.08125 0.89609375 0.109375 0.0984375
9 0.34765625 0.91015625 0.1390625 0.0640625
3 0.81484375 0.8296875 0.0671875 0.096875
9 0.96875 0.8515625 0.0625 0.05
12 0.78828125 0.80625 0.0546875 0.053125
13 0.31015625 0.6484375 0.0546875 0.053125
16 0.146875 0.4359375 0.053125 0.05