9 0.40625 0.015625 0.1125 0.03125
4 0.01953125 0.03125 0.0390625 0.0625
5 0.9421875 0.0359375 0.115625 0.071875
14 0.3703125 0.16796875 0.109375 0.0921875
2 0.0078125 0.1828125 0.015625 0.10625
2 0.50078125 0.14375 0.2265625 0.203125
11 0.68671875 0.33046875 0.0984375 0.1015625
1 0.103125 0.34375 0.20625 0.203125
9 0.25 0.54609375 0.146875 0.0609375
3 0.06171875 0.52421875 0.1234375 0.1453125
3 0.9734375 0.57421875 0.053125 0.0953125
12 0.5921875 0.68515625 0.084375 0.0671875
8 0.95546875 0.7421875 0.0890625 0.115625
4 0.0765625 0.8578125 0.115625 0.225