16 0.16796875 0.0015625 0.0171875 0.003125
13 0.5828125 0.00625 0.04375 0.0125
16 0.02578125 0.0234375 0.0515625 0.046875
15 0.99140625 0.0734375 0.0171875 0.059375
6 0.51484375 0.0640625 0.1015625 0.128125
10 0.49765625 0.1796875 0.0390625 0.04375
0 0.3140625 0.18515625 0.15 0.0734375
3 0.75 0.23828125 0.06875 0.1140625
10 0.66953125 0.4328125 0.0484375 0.040625
15 0.48203125 0.53203125 0.0671875 0.0671875
14 0.84921875 0.67890625 0.0890625 0.0609375
8 0.0125 0.6703125 0.025 0.084375
3 0.96875 0.903125 0.0625 0.1125
13 0.67734375 0.93359375 0.0578125 0.0609375
14 0.125 0.96328125 0.096875 0.0734375