15 0.44296875 0.01015625 0.0546875 0.0203125
0 0.93359375 0.88515625 0.0921875 0.1359375
10 0.13203125 0.7265625 0.0359375 0.040625
6 0.48046875 0.7234375 0.1015625 0.046875
1 0.07109375 0.63046875 0.1421875 0.2234375
11 0.5875 0.64921875 0.065625 0.0703125
10 0.2390625 0.54140625 0.0375 0.0390625
7 0.54609375 0.4890625 0.0953125 0.09375
14 0.47734375 0.3203125 0.0578125 0.05625
8 0.96640625 0.290625 0.0671875 0.090625
15 0.02265625 0.27109375 0.0453125 0.0609375
8 0.06015625 0.2015625 0.0703125 0.05625
9 0.4921875 0.1859375 0.14375 0.034375
2 0.22890625 0.12734375 0.1140625 0.1328125
0 0.1484375 0.096875 0.1 0.13125
15 0.86796875 0.08984375 0.0640625 0.0640625
9 0.5890625 0.05078125 0.034375 0.1015625
7 0.1859375 0.05234375 0.04375 0.0328125
14 0.9109375 0.95546875 0.059375 0.0515625
4 0.69375 0.75625 0.14375 0.115625
3 0.8421875 0.75078125 0.078125 0.0984375
9 0.10625 0.428125 0.140625 0.090625
5 0.65390625 0.39453125 0.0703125 0.0703125
6 0.23515625 0.2515625 0.0796875 0.0625
7 0.9125 0.2140625 0.0875 0.05625
1 0.04375 0.16015625 0.0875 0.1609375