3 0.42265625 0.00703125 0.0421875 0.0140625
5 0.553125 0.04375 0.065625 0.06875
1 0.33671875 0.146875 0.1578125 0.14375
2 0.47421875 0.98671875 0.0234375 0.0265625
0 0.95078125 0.984375 0.0609375 0.03125
8 0.0359375 0.7390625 0.071875 0.09375
10 0.6875 0.75234375 0.034375 0.0359375
6 0.11328125 0.71328125 0.0953125 0.1046875
8 0.63125 0.6578125 0.08125 0.078125
0 0.9046875 0.63671875 0.134375 0.1140625
11 0.74765625 0.625 0.0609375 0.059375
9 0.990625 0.534375 0.01875 0.103125
14 0.8359375 0.5578125 0.078125 0.053125
1 0.51796875 0.484375 0.1296875 0.165625
15 0.50078125 0.365625 0.0546875 0.053125
12 0.9515625 0.31640625 0.04375 0.0515625
14 0.4359375 0.046875 0.05625 0.053125
12 0.478125 0.17109375 0.03125 0.0453125
6 0.81328125 0.99296875 0.0296875 0.0140625
4 0.37890625 0.86640625 0.1078125 0.1453125
11 0.49765625 0.85703125 0.0546875 0.0609375
2 0.2890625 0.81953125 0.096875 0.0828125
12 0.0125 0.5015625 0.025 0.046875
9 0.42265625 0.43671875 0.0734375 0.0390625
16 0.21796875 0.334375 0.0421875 0.040625
1 0.159375 0.24921875 0.115625 0.1828125
1 0.62265625 0.2 0.1890625 0.2