1 0.1734375 0.01015625 0.109375 0.0203125
0 0.3 0.0171875 0.153125 0.034375
16 0.66640625 0.0640625 0.0515625 0.053125
4 0.0921875 0.0625 0.128125 0.125
6 0.540625 0.11171875 0.121875 0.0671875
11 0.021875 0.1515625 0.04375 0.071875
11 0.41640625 0.2109375 0.0734375 0.059375
11 0.175 0.21328125 0.075 0.0671875
0 0.82890625 0.278125 0.1109375 0.140625
11 0.434375 0.31875 0.06875 0.071875
11 0.95234375 0.409375 0.0734375 0.071875
5 0.41875 0.4421875 0.078125 0.078125
1 0.16015625 0.43359375 0.2203125 0.1484375
2 0.7859375 0.428125 0.090625 0.1625
2 0.6171875 0.490625 0.14375 0.109375
13 0.06953125 0.54140625 0.0578125 0.0546875
10 0.86484375 0.57734375 0.0421875 0.0453125
10 0.0765625 0.62109375 0.04375 0.0421875
8 0.17109375 0.62109375 0.0640625 0.1140625
13 0.2640625 0.70703125 0.05625 0.0578125
5 0.06171875 0.7546875 0.0828125 0.08125
3 0.85625 0.77421875 0.071875 0.0796875
13 0.17421875 0.8328125 0.0578125 0.05625
15 0.51328125 0.87265625 0.0640625 0.0671875
11 0.76875 0.92578125 0.071875 0.0734375
2 0.946875 0.9390625 0.103125 0.121875
2 0.390625 0.95 0.134375 0.1