0 0.39921875 0.9328125 0.0734375 0.134375
5 0.46640625 0.971875 0.0640625 0.05625
0 0.7453125 0.9328125 0.121875 0.134375
14 0.2390625 0.96875 0.071875 0.059375
10 0.4984375 0.8671875 0.04375 0.040625
7 0.09140625 0.82421875 0.1015625 0.0546875
11 0.66015625 0.6171875 0.0703125 0.065625
8 0.06171875 0.559375 0.0828125 0.0875
9 0.4390625 0.5453125 0.071875 0.109375
1 0.93671875 0.4984375 0.1265625 0.115625
13 0.13671875 0.33671875 0.0546875 0.0546875
16 0.93046875 0.2234375 0.0515625 0.05
0 0.1953125 0.16796875 0.090625 0.1421875
13 0.6546875 0.18046875 0.05 0.0515625
0 0.5015625 0.14375 0.14375 0.109375
8 0.19765625 0.94765625 0.0921875 0.0984375
4 0.63828125 0.88984375 0.0796875 0.1078125
3 0.3671875 0.8 0.08125 0.078125
12 0.57734375 0.75703125 0.0484375 0.0515625
7 0.9359375 0.7234375 0.078125 0.08125
11 0.2546875 0.61171875 0.065625 0.0671875
5 0.39453125 0.609375 0.0734375 0.0625
2 0.090625 0.3953125 0.06875 0.1625
13 0.4734375 0.4484375 0.034375 0.053125
3 0.4984375 0.1890625 0.096875 0.10625
14 0.77109375 0.1296875 0.0421875 0.084375
9 0.91796875 0.1140625 0.1296875 0.109375
5 0.50390625 0.06640625 0.0765625 0.0765625
9 0.58046875 0.01875 0.0828125 0.0375