0 0.63125 0.02734375 0.140625 0.0546875
9 0.575 0.06953125 0.0875 0.1109375
4 0.8625 0.0859375 0.121875 0.1375
16 0.60078125 0.18359375 0.0484375 0.0453125
8 0.3375 0.23203125 0.065625 0.0828125
5 0.68359375 0.2515625 0.0734375 0.078125
2 0.36796875 0.33203125 0.1515625 0.1078125
5 0.803125 0.3921875 0.078125 0.071875
2 0.68515625 0.40859375 0.1015625 0.0890625
5 0.99375 0.50390625 0.0125 0.0296875
6 0.1984375 0.55546875 0.121875 0.0609375
3 0.16484375 0.63515625 0.1046875 0.0609375
9 0.60390625 0.6640625 0.0984375 0.040625
4 0.959375 0.7828125 0.08125 0.10625
3 0.2328125 0.83203125 0.103125 0.0796875
10 0.3625 0.8859375 0.040625 0.04375
2 0.59609375 0.9640625 0.1265625 0.071875
4 0.490625 0.94765625 0.090625 0.1046875
1 0.18359375 0.9640625 0.1859375 0.071875