6 0.37421875 0.0078125 0.1140625 0.015625
1 0.075 0.078125 0.15 0.15625
15 0.4734375 0.12109375 0.075 0.0796875
2 0.04609375 0.11171875 0.0921875 0.1546875
1 0.75390625 0.0984375 0.2234375 0.196875
15 0.6984375 0.18828125 0.071875 0.0671875
15 0.00546875 0.1984375 0.0109375 0.05
15 0.64375 0.234375 0.075 0.078125
5 0.79140625 0.240625 0.0859375 0.084375
2 0.23125 0.2359375 0.159375 0.1625
3 0.97734375 0.409375 0.0453125 0.1125
12 0.734375 0.4765625 0.05625 0.05625
15 0.24765625 0.503125 0.0765625 0.075
15 0.74609375 0.5765625 0.0734375 0.05625
10 0.30234375 0.6046875 0.0484375 0.04375
11 0.05859375 0.58984375 0.0828125 0.0734375
4 0.2265625 0.66640625 0.203125 0.1296875
4 0.3875 0.68515625 0.1875 0.1015625
9 0.2609375 0.72421875 0.090625 0.1265625
2 0.490625 0.7390625 0.1125 0.184375
10 0.375 0.840625 0.053125 0.046875
12 0.11796875 0.9046875 0.0578125 0.025
11 0.8171875 0.99140625 0.071875 0.0171875
9 0.3125 0.93828125 0.115625 0.1234375