8 0.79453125 0.01484375 0.0703125 0.0296875
13 0.12265625 0.97109375 0.0515625 0.0515625
7 0.9828125 0.89609375 0.034375 0.0421875
10 0.40703125 0.8421875 0.0359375 0.034375
0 0.003125 0.8203125 0.00625 0.03125
11 0.97890625 0.70859375 0.0421875 0.0609375
2 0.52109375 0.62578125 0.0984375 0.1453125
5 0.59609375 0.60546875 0.0671875 0.0421875
4 0.50390625 0.5140625 0.0609375 0.15
10 0.55625 0.50234375 0.040625 0.0328125
5 0.66640625 0.45078125 0.0671875 0.0578125
10 0.07109375 0.4265625 0.0359375 0.009375
14 0.64140625 0.3484375 0.0734375 0.053125
9 0.8765625 0.0078125 0.10625 0.015625
2 0.91484375 0.01796875 0.0703125 0.0359375
5 0.9734375 0.03125 0.053125 0.0625
9 0.64453125 0.065625 0.0546875 0.13125
2 0.96328125 0.08125 0.0734375 0.1125
6 0.22109375 0.128125 0.0984375 0.075
9 0.80078125 0.9953125 0.0890625 0.009375
14 0.2765625 0.8984375 0.065625 0.059375
2 0.1671875 0.69375 0.103125 0.096875
3 0.934375 0.6375 0.059375 0.090625
13 0.00390625 0.46953125 0.0078125 0.0296875
6 0.99921875 0.30390625 0.0015625 0.0046875
12 0.27421875 0.25703125 0.0421875 0.0421875