9 0.5171875 0.00859375 0.053125 0.0171875
13 0.99921875 0.05390625 0.0015625 0.0140625
8 0.040625 0.03046875 0.08125 0.0609375
3 0.26171875 0.04609375 0.0984375 0.0921875
1 0.978125 0.13125 0.04375 0.096875
13 0.48203125 0.209375 0.0546875 0.046875
11 0.8640625 0.209375 0.078125 0.075
5 0.15078125 0.3203125 0.0828125 0.065625
6 0.5390625 0.32890625 0.121875 0.1109375
13 0.615625 0.4078125 0.05625 0.05625
5 0.80234375 0.4625 0.0640625 0.084375
3 0.4125 0.46484375 0.075 0.1078125
13 0.66953125 0.53671875 0.0578125 0.0578125
16 0.0484375 0.57578125 0.053125 0.0515625
6 0.434375 0.56015625 0.103125 0.0890625
0 0.0328125 0.59765625 0.065625 0.0890625
13 0.06640625 0.76484375 0.0609375 0.0546875
2 0.09765625 0.8234375 0.0515625 0.1625
16 0.74296875 0.90390625 0.0546875 0.0546875
14 0.23671875 0.9078125 0.0734375 0.08125
9 0.01796875 0.9703125 0.0359375 0.059375