12 0.80390625 0.05703125 0.0609375 0.0640625
11 0.3125 0.0484375 0.090625 0.096875
1 0.5328125 0.084375 0.234375 0.16875
15 0.04453125 0.20703125 0.0859375 0.0828125
14 0.040625 0.42421875 0.08125 0.0703125
4 0.87265625 0.3796875 0.1546875 0.203125
10 0.16640625 0.575 0.0609375 0.05
7 0.5921875 0.609375 0.1 0.034375
3 0.2875 0.66328125 0.1375 0.1171875
9 0.98984375 0.7703125 0.0203125 0.134375
14 0.1203125 0.8296875 0.078125 0.078125
5 0.4984375 0.8390625 0.1 0.0625
11 0.7046875 0.8515625 0.084375 0.09375
0 0.0109375 0.953125 0.021875 0.09375