0 0.11484375 0.94609375 0.1015625 0.1078125
16 0.94609375 0.98125 0.0484375 0.0375
15 0.5171875 0.86484375 0.059375 0.0640625
8 0.33515625 0.7421875 0.0984375 0.0875
6 0.02265625 0.6234375 0.0453125 0.103125
8 0.390625 0.58984375 0.05625 0.1015625
0 0.940625 0.54140625 0.11875 0.1109375
11 0.815625 0.55703125 0.06875 0.0703125
14 0.77734375 0.51640625 0.0578125 0.0546875
11 0.54921875 0.47265625 0.0640625 0.0671875
8 0.21640625 0.446875 0.0640625 0.075
16 0.3171875 0.44453125 0.046875 0.0453125
7 0.22890625 0.3640625 0.0890625 0.0625
5 0.86953125 0.3328125 0.0765625 0.065625
1 0.74453125 0.25390625 0.1734375 0.1515625
14 0.91796875 0.16953125 0.0828125 0.0578125
15 0.39375 0.10859375 0.059375 0.0640625
16 0.20234375 0.09296875 0.0484375 0.0484375
9 0.07578125 0.07734375 0.1515625 0.0609375
14 0.8328125 0.06484375 0.065625 0.0515625
10 0.71171875 0.059375 0.0390625 0.040625
6 0.16796875 0.996875 0.0234375 0.00625
4 0.77109375 0.79609375 0.0515625 0.0515625
15 0.646875 0.63828125 0.059375 0.0609375
4 0.98359375 0.61640625 0.0328125 0.0671875
9 0.31875 0.5484375 0.153125 0.0625
3 0.403125 0.39453125 0.065625 0.1015625
16 0.3484375 0.24296875 0.046875 0.0453125
12 0.5328125 0.2125 0.046875 0.04375
5 0.7359375 0.20234375 0.05 0.0390625
2 0.003125 0.07890625 0.00625 0.0078125