1 0.91328125 0.01015625 0.0796875 0.0203125
5 0.54140625 0.01328125 0.0640625 0.0265625
4 0.61875 0.03125 0.059375 0.0625
6 0.02265625 0.12421875 0.0453125 0.0640625
0 0.8890625 0.0890625 0.109375 0.140625
8 0.28671875 0.14375 0.0828125 0.09375
4 0.52421875 0.1703125 0.1578125 0.065625
8 0.08203125 0.95546875 0.0671875 0.0890625
2 0.56640625 0.96328125 0.1390625 0.0734375
11 0.196875 0.82421875 0.034375 0.0578125
13 0.796875 0.79921875 0.05 0.0484375
8 0.00390625 0.7984375 0.0078125 0.04375
0 0.9828125 0.684375 0.034375 0.128125
11 0.3546875 0.69375 0.0625 0.0625
1 0.8546875 0.6296875 0.178125 0.128125
8 0.1671875 0.63828125 0.075 0.0984375
16 0.7359375 0.63046875 0.04375 0.0421875
15 0.37265625 0.54609375 0.0515625 0.0546875
4 0.9796875 0.41015625 0.040625 0.1421875
8 0.7515625 0.42890625 0.0875 0.0796875
0 0.1125 0.378125 0.1 0.125
10 0.01875 0.4203125 0.0375 0.034375
13 0.17421875 0.35859375 0.0484375 0.0421875
8 0.02890625 0.31640625 0.0578125 0.0796875
5 0.04609375 0.059375 0.0578125 0.059375
11 0.940625 0.0640625 0.0625 0.065625
1 0.77890625 0.05 0.1671875 0.1
15 0.5421875 0.1984375 0.009375 0.003125
8 0.41953125 0.16796875 0.0765625 0.0828125
4 0.44765625 0.9421875 0.0765625 0.115625
2 0.0171875 0.92890625 0.034375 0.0859375
14 0.946875 0.759375 0.065625 0.053125
9 0.0328125 0.61015625 0.065625 0.1109375
2 0.8015625 0.33359375 0.078125 0.1390625
6 0.72265625 0.2703125 0.0921875 0.075