1 0.6015625 0.0046875 0.025 0.009375
11 0.0078125 0.0109375 0.015625 0.021875
11 0.9234375 0.01171875 0.06875 0.0234375
5 0.72109375 0.075 0.0703125 0.053125
9 0.0140625 0.121875 0.028125 0.021875
1 0.465625 0.090625 0.14375 0.18125
16 0.01171875 0.2484375 0.0234375 0.05
6 0.11015625 0.3265625 0.1453125 0.0625
10 0.72890625 0.34296875 0.0421875 0.0453125
0 0.88984375 0.35546875 0.1578125 0.1296875
12 0.86875 0.4765625 0.053125 0.053125
16 0.3125 0.48671875 0.05625 0.0453125
14 0.20234375 0.52109375 0.0703125 0.0984375
16 0.65390625 0.5546875 0.0578125 0.05625
4 0.22734375 0.67421875 0.1765625 0.1046875
9 0.02265625 0.75546875 0.0453125 0.0359375
12 0.83125 0.746875 0.065625 0.05625
11 0.4546875 0.76640625 0.071875 0.0703125
4 0.6109375 0.81953125 0.140625 0.1390625
9 0.63046875 0.89140625 0.1890625 0.0703125
1 0.01640625 0.940625 0.0328125 0.065625
11 0.4453125 0.9421875 0.078125 0.084375
2 0.53046875 0.98515625 0.1109375 0.0296875