12 0.1984375 0.009375 0.05 0.01875
10 0.01796875 0.0828125 0.0359375 0.065625
3 0.45859375 0.24453125 0.1796875 0.1390625
8 0.5203125 0.521875 0.16875 0.165625
9 0.08046875 0.57265625 0.1609375 0.0671875
16 0.84375 0.5875 0.06875 0.06875
16 0.59609375 0.73984375 0.0734375 0.0765625
15 0.45390625 0.79453125 0.0984375 0.0953125
8 0.69921875 0.83828125 0.1421875 0.1921875
0 0.84453125 0.8625 0.2140625 0.234375
9 0.0203125 0.9671875 0.040625 0.04375
8 0.978125 0.990625 0.04375 0.01875
1 0.8359375 0.89765625 0.321875 0.2046875