6 0.8859375 0.00546875 0.05625 0.0109375
10 0.20546875 0.14140625 0.0546875 0.0515625
6 0.0703125 0.20546875 0.140625 0.0734375
14 0.76875 0.24453125 0.09375 0.0859375
10 0.50390625 0.275 0.0484375 0.05
0 0.92890625 0.30546875 0.0203125 0.0703125
6 0.28671875 0.32109375 0.1359375 0.1140625
16 0.91796875 0.48671875 0.0609375 0.0609375
10 0.765625 0.65 0.05 0.05
3 0.13046875 0.7453125 0.1015625 0.14375
5 0.6953125 0.86171875 0.096875 0.0734375
2 0.20078125 0.93046875 0.1015625 0.1390625
0 0.00703125 0.98984375 0.0140625 0.0203125