8 0.37734375 0.01953125 0.1234375 0.0390625
3 0.72734375 0.0375 0.0953125 0.075
13 0.07265625 0.05546875 0.0640625 0.0609375
4 0.02578125 0.1 0.0515625 0.14375
4 0.7375 0.15078125 0.09375 0.1609375
13 0.15859375 0.2359375 0.0609375 0.05
6 0.91953125 0.26875 0.1328125 0.05625
1 0.7921875 0.37890625 0.190625 0.2109375
7 0.05390625 0.4515625 0.0953125 0.1
8 0.875 0.46953125 0.10625 0.1046875
6 0.37421875 0.515625 0.1140625 0.1
7 0.05390625 0.54765625 0.1078125 0.0859375
9 0.259375 0.665625 0.1125 0.05
8 0.32578125 0.6578125 0.1234375 0.0875
11 0.5765625 0.665625 0.078125 0.08125
5 0.37734375 0.71015625 0.0859375 0.0890625
2 0.0609375 0.71015625 0.121875 0.1484375
7 0.0171875 0.87109375 0.034375 0.0359375
11 0.15390625 0.8734375 0.0765625 0.08125
1 0.384375 0.97734375 0.128125 0.0453125
9 0.3078125 0.99375 0.025 0.0125