0 0.128125 0.0265625 0.109375 0.053125
9 0.77109375 0.0328125 0.0515625 0.065625
16 0.3484375 0.03828125 0.05625 0.0609375
13 0.02734375 0.1921875 0.0546875 0.059375
2 0.740625 0.42734375 0.109375 0.1703125
16 0.64140625 0.5125 0.0578125 0.05625
0 0.2359375 0.48359375 0.1375 0.1546875
6 0.00546875 0.55234375 0.0109375 0.0359375
13 0.86953125 0.5765625 0.0578125 0.0625
14 0.96171875 0.7109375 0.0765625 0.075
2 0.52578125 0.7765625 0.1796875 0.11875
9 0.1203125 0.81328125 0.1625 0.0828125
0 0.9390625 0.7984375 0.115625 0.16875
6 0.0578125 0.8828125 0.115625 0.109375
9 0.365625 0.89140625 0.084375 0.1015625
16 0.65625 0.93046875 0.05625 0.0578125
0 0.92734375 0.92421875 0.1453125 0.1390625
6 0.78828125 0.96328125 0.1328125 0.0734375
0 0.54140625 0.978125 0.0953125 0.04375