9 0.5140625 0.02734375 0.040625 0.0546875
2 0.30546875 0.040625 0.0734375 0.08125
16 0.553125 0.12890625 0.053125 0.0546875
16 0.6546875 0.1375 0.053125 0.05625
15 0.928125 0.15390625 0.075 0.0734375
14 0.2953125 0.1953125 0.065625 0.065625
11 0.82578125 0.25390625 0.0765625 0.0765625
1 0.0421875 0.2296875 0.084375 0.196875
8 0.13125 0.45234375 0.11875 0.1140625
9 0.028125 0.49453125 0.05625 0.0609375
7 0.5921875 0.528125 0.10625 0.040625
12 0.43515625 0.55859375 0.0640625 0.0515625
9 0.309375 0.49921875 0.065625 0.1734375
3 0.17421875 0.5875 0.0671875 0.065625
1 0.0625 0.6140625 0.125 0.146875
16 0.803125 0.79453125 0.05625 0.0546875
3 0.41640625 0.79765625 0.0796875 0.1171875
11 0.34296875 0.8375 0.0765625 0.078125
14 0.06875 0.9140625 0.090625 0.075
1 0.71171875 0.95859375 0.1109375 0.0828125
1 0.4390625 0.990625 0.14375 0.01875
10 0.165625 0.99609375 0.040625 0.0078125