9 0.85 0.02421875 0.115625 0.0484375
1 0.96015625 0.0671875 0.0796875 0.134375
2 0.84140625 0.10703125 0.1734375 0.1234375
7 0.1046875 0.13203125 0.0875 0.1171875
13 0.81953125 0.18359375 0.0640625 0.0609375
9 0.69921875 0.19296875 0.1609375 0.0734375
13 0.33828125 0.23671875 0.0609375 0.0640625
13 0.83125 0.32109375 0.065625 0.0640625
16 0.271875 0.375 0.05625 0.05625
3 0.07890625 0.36484375 0.1234375 0.1140625
15 0.515625 0.48359375 0.075 0.0765625
1 0.93203125 0.4171875 0.1359375 0.2125
3 0.0921875 0.49921875 0.11875 0.0703125
7 0.1484375 0.584375 0.08125 0.053125
9 0.8828125 0.58359375 0.18125 0.0734375
7 0.6890625 0.590625 0.053125 0.115625
5 0.82421875 0.71328125 0.0734375 0.0796875
2 0.16328125 0.8609375 0.1390625 0.16875
4 0.1078125 0.92578125 0.11875 0.1484375