5 0.953125 0.01015625 0.075 0.0203125
0 0.0421875 0.0390625 0.084375 0.078125
1 0.103125 0.97578125 0.146875 0.0484375
16 0.38671875 0.99921875 0.0015625 0.0015625
8 0.91953125 0.96796875 0.1015625 0.0640625
10 0.8984375 0.90546875 0.040625 0.0390625
14 0.540625 0.8921875 0.04375 0.05625
0 0.15390625 0.8359375 0.1453125 0.15
0 0.09921875 0.775 0.1234375 0.140625
15 0.00703125 0.77734375 0.0140625 0.0484375
10 0.7203125 0.7265625 0.0375 0.0375
0 0.7578125 0.64609375 0.140625 0.1046875
6 0.2078125 0.61953125 0.115625 0.1015625
11 0.8671875 0.575 0.06875 0.065625
8 0.77265625 0.54765625 0.0859375 0.0890625
16 0.9984375 0.509375 0.003125 0.015625
1 0.07578125 0.30390625 0.1515625 0.2296875
7 0.7296875 0.28671875 0.0625 0.0921875
11 0.9015625 0.225 0.071875 0.065625
13 0.46328125 0.17890625 0.0234375 0.0046875
14 0.7203125 0.01796875 0.04375 0.0359375
1 0.7 0.4109375 0.1875 0.071875
16 0.61875 0.31328125 0.046875 0.0484375
7 0.9109375 0.31171875 0.090625 0.0328125
3 0.4640625 0.21015625 0.09375 0.0671875