0 0.51640625 0.0109375 0.0484375 0.021875
16 0.09140625 0.159375 0.0640625 0.059375
15 0.678125 0.178125 0.078125 0.084375
4 0.62421875 0.18203125 0.0953125 0.2109375
8 0.78359375 0.22421875 0.1140625 0.1453125
13 0.965625 0.31953125 0.06875 0.0640625
1 0.1046875 0.23515625 0.209375 0.2828125
3 0.278125 0.38203125 0.128125 0.1078125
7 0.4328125 0.5015625 0.078125 0.1125
4 0.096875 0.765625 0.19375 0.115625
7 0.93671875 0.809375 0.0984375 0.071875
9 0.22109375 0.96875 0.0484375 0.021875
12 0.98125 0.975 0.0375 0.05
1 0.32890625 0.9453125 0.2140625 0.109375
0 0.1921875 0.9875 0.08125 0.025
15 0.1078125 0.9828125 0.08125 0.034375