4 0.05234375 0.00703125 0.0234375 0.0140625
10 0.9625 0.01328125 0.034375 0.0265625
12 0.9234375 0.0984375 0.046875 0.04375
3 0.80390625 0.0734375 0.0578125 0.1
15 0.55859375 0.225 0.0546875 0.05625
8 0.30390625 0.9859375 0.0734375 0.028125
5 0.8359375 0.98671875 0.06875 0.0265625
10 0.28515625 0.84296875 0.0390625 0.0359375
5 0.52578125 0.81953125 0.0578125 0.0671875
12 0.05078125 0.7875 0.0453125 0.05
16 0.73671875 0.78515625 0.0421875 0.0421875
8 0.33125 0.75 0.075 0.090625
8 0.5109375 0.74609375 0.059375 0.0984375
11 0.659375 0.75390625 0.059375 0.0609375
2 0.4265625 0.7265625 0.146875 0.1125
8 0.53125 0.690625 0.084375 0.071875
1 0.6484375 0.54765625 0.0625 0.1671875
14 0.9546875 0.60234375 0.071875 0.0484375
9 0.4109375 0.50859375 0.0625 0.1171875
10 0.784375 0.490625 0.0375 0.034375
0 0.05234375 0.34375 0.1046875 0.103125
13 0.80703125 0.3671875 0.0484375 0.04375
14 0.3875 0.23515625 0.05 0.0515625
2 0.0546875 0.00234375 0.015625 0.0046875
15 0.6953125 0.07421875 0.053125 0.0265625
1 0.10546875 0.0734375 0.1671875 0.146875
3 0.85546875 0.1296875 0.0703125 0.1
9 0.58125 0.15546875 0.146875 0.0609375
12 0.00859375 0.2234375 0.0171875 0.00625
10 0.10234375 0.21640625 0.0390625 0.0359375
9 0.96875 0.9234375 0.0625 0.146875
12 0.65234375 0.90078125 0.0015625 0.0015625
6 0.02109375 0.828125 0.0421875 0.040625
12 0.9625 0.65703125 0.04375 0.0484375
12 0.03125 0.459375 0.05 0.040625
7 0.28359375 0.38359375 0.0703125 0.0609375
9 0.22421875 0.34296875 0.1234375 0.0796875
2 0.53359375 0.28984375 0.1140625 0.1359375