10 0.61796875 0.0015625 0.0203125 0.003125
15 0.97578125 0.02421875 0.0484375 0.0484375
8 0.9 0.071875 0.0875 0.11875
2 0.753125 0.06640625 0.15 0.1328125
2 0.93984375 0.09375 0.1203125 0.103125
13 0.0296875 0.21015625 0.059375 0.0421875
9 0.84140625 0.21328125 0.1296875 0.0578125
16 0.23125 0.34921875 0.05 0.0453125
5 0.146875 0.37578125 0.08125 0.0578125
0 0.08125 0.42265625 0.121875 0.1453125
10 0.5484375 0.56796875 0.0375 0.0421875
11 0.0203125 0.58984375 0.040625 0.0703125
12 0.8734375 0.61171875 0.053125 0.0515625
13 0.9859375 0.62109375 0.028125 0.0515625
13 0.21953125 0.65859375 0.0515625 0.0546875
13 0.23515625 0.7171875 0.0546875 0.053125
6 0.12890625 0.746875 0.0984375 0.071875
1 0.82734375 0.67421875 0.1765625 0.2234375
5 0.12109375 0.85546875 0.0828125 0.0609375
16 0.61796875 0.86484375 0.0484375 0.0515625
9 0.2671875 0.8609375 0.159375 0.071875
2 0.04140625 0.85546875 0.0828125 0.1921875
8 0.325 0.934375 0.109375 0.1
11 0.17265625 0.98046875 0.0703125 0.0390625