3 0.3765625 0.00234375 0.025 0.0046875
1 0.57265625 0.928125 0.1921875 0.14375
5 0.98671875 0.90859375 0.0265625 0.0703125
4 0.55078125 0.83984375 0.1671875 0.1109375
1 0.06796875 0.73671875 0.1359375 0.2109375
1 0.18515625 0.71796875 0.2265625 0.2046875
13 0.45078125 0.66328125 0.0546875 0.0515625
11 0.7640625 0.55625 0.065625 0.0625
8 0.47421875 0.53828125 0.0890625 0.0890625
6 0.97265625 0.3015625 0.0546875 0.078125
8 0.2078125 0.234375 0.090625 0.1
0 0.42890625 0.14453125 0.0953125 0.1328125
3 0.45546875 0.1703125 0.0734375 0.05625
10 0.85390625 0.1609375 0.0390625 0.040625
15 0.128125 0.9671875 0.05 0.065625
9 0.94609375 0.9828125 0.0609375 0.034375
4 0.66875 0.76328125 0.146875 0.1171875
11 0.86875 0.72265625 0.065625 0.0515625
1 0.98984375 0.675 0.0203125 0.0625
5 0.309375 0.559375 0.04375 0.075
3 0.83671875 0.5625 0.0859375 0.05
3 0.121875 0.4828125 0.08125 0.1
12 0.7640625 0.48125 0.046875 0.05
3 0.7296875 0.3953125 0.065625 0.103125
7 0.78828125 0.34453125 0.0953125 0.0515625
12 0.07109375 0.178125 0.0484375 0.046875
9 0.9859375 0.134375 0.028125 0.125