0 0.58671875 0.02734375 0.0984375 0.0546875
16 0.1515625 0.0421875 0.05625 0.05625
14 0.03125 0.115625 0.0625 0.084375
0 0.0296875 0.1625 0.059375 0.0625
9 0.446875 0.28359375 0.071875 0.1265625
9 0.98046875 0.3609375 0.0390625 0.103125
10 0.9125 0.3921875 0.05625 0.04375
12 0.8265625 0.4828125 0.059375 0.0625
5 0.73671875 0.49453125 0.0890625 0.0859375
6 0.94140625 0.4765625 0.0640625 0.13125
5 0.296875 0.5578125 0.084375 0.06875
12 0.05703125 0.625 0.0578125 0.053125
11 0.83125 0.62890625 0.08125 0.0828125
8 0.98203125 0.65546875 0.0359375 0.0890625
7 0.0234375 0.66484375 0.046875 0.0796875
3 0.0828125 0.66484375 0.075 0.1078125
11 0.60390625 0.7375 0.0734375 0.078125
11 0.25859375 0.79140625 0.0640625 0.0796875
13 0.09375 0.83359375 0.0625 0.0609375
8 0.975 0.97421875 0.05 0.0515625
15 0.55390625 0.98828125 0.0640625 0.0234375
2 0.4546875 0.9234375 0.125 0.153125
3 0.01875 0.94921875 0.0375 0.1015625