16 0.96015625 0.01640625 0.0453125 0.0328125
15 0.76875 0.03046875 0.05625 0.0609375
8 0.65546875 0.04140625 0.0953125 0.0609375
0 0.23828125 0.0875 0.1203125 0.11875
14 0.61484375 0.20234375 0.0453125 0.0515625
7 0.0328125 0.9828125 0.065625 0.034375
13 0.93046875 0.92109375 0.0484375 0.0515625
6 0.7609375 0.853125 0.075 0.08125
11 0.53125 0.846875 0.0625 0.059375
6 0.003125 0.7203125 0.00625 0.01875
1 0.009375 0.69765625 0.01875 0.0328125
16 0.9796875 0.66328125 0.040625 0.0328125
3 0.86875 0.60859375 0.096875 0.0765625
12 0.6296875 0.559375 0.05 0.040625
16 0.4546875 0.49375 0.04375 0.04375
11 0.2296875 0.3734375 0.0625 0.0625
2 0.97890625 0.340625 0.0421875 0.078125
13 0.08828125 0.33203125 0.0484375 0.0453125
16 0.5796875 0.28828125 0.04375 0.0421875
2 0.4484375 0.02734375 0.065625 0.0546875
9 0.91796875 0.103125 0.0609375 0.06875
2 0.04609375 0.8484375 0.0921875 0.14375
14 0.165625 0.7890625 0.08125 0.05625
1 0.42265625 0.7296875 0.2109375 0.15625
1 0.9578125 0.68515625 0.084375 0.1546875
6 0.3015625 0.4140625 0.10625 0.090625
16 0.4296875 0.41015625 0.040625 0.0421875
2 0.64296875 0.375 0.0234375 0.009375
13 0.0203125 0.26328125 0.040625 0.0484375