3 0.59453125 0.03125 0.0640625 0.0625
8 0.26796875 0.0828125 0.1078125 0.084375
16 0.3484375 0.134375 0.009375 0.034375
0 0.24453125 0.96484375 0.1171875 0.0703125
5 0.34765625 0.9609375 0.0734375 0.078125
4 0.49296875 0.9703125 0.1046875 0.059375
4 0.85625 0.9984375 0.040625 0.003125
11 0.075 0.86328125 0.06875 0.0578125
0 0.59453125 0.82421875 0.1421875 0.1359375
0 0.7515625 0.72265625 0.140625 0.1359375
11 0.7171875 0.74140625 0.053125 0.0484375
15 0.4046875 0.6421875 0.059375 0.059375
15 0.69453125 0.49765625 0.0578125 0.0578125
4 0.815625 0.41015625 0.103125 0.1390625
16 0.58203125 0.365625 0.0453125 0.046875
1 0.0484375 0.28828125 0.096875 0.1515625
7 0.8796875 0.34140625 0.0875 0.0421875
1 0.03515625 0.1484375 0.0703125 0.1625
8 0.74765625 0.140625 0.0890625 0.090625
3 0.6734375 0.11015625 0.084375 0.1015625
1 0.48203125 0.89921875 0.1421875 0.1140625
9 0.6421875 0.82578125 0.05 0.1609375
13 0.91953125 0.84296875 0.0453125 0.0515625
4 0.0390625 0.64140625 0.078125 0.1078125
15 0.28671875 0.6375 0.0578125 0.059375
3 0.6375 0.62421875 0.06875 0.0828125
1 0.17734375 0.54375 0.2296875 0.15625
2 0.02578125 0.5484375 0.0515625 0.121875
11 0.70234375 0.42890625 0.0671875 0.0640625
7 0.265625 0.425 0.065625 0.053125
9 0.34453125 0.35625 0.1234375 0.08125
5 0.24765625 0.3015625 0.0703125 0.075