15 0.94609375 0.028125 0.0703125 0.05625
1 0.365625 0.96171875 0.159375 0.0765625
8 0.51484375 0.8390625 0.0984375 0.09375
8 0.29296875 0.7109375 0.0859375 0.0625
6 0.62109375 0.63203125 0.0765625 0.0984375
16 0.8765625 0.40625 0.05 0.046875
5 0.8359375 0.3421875 0.06875 0.075
4 0.3203125 0.28671875 0.05625 0.1515625
0 0.896875 0.2734375 0.146875 0.13125
7 0.009375 0.284375 0.01875 0.0375
11 0.71484375 0.26953125 0.0671875 0.0640625
6 0.75390625 0.003125 0.0265625 0.00625
3 0.20859375 0.996875 0.0421875 0.00625
14 0.2921875 0.91015625 0.059375 0.0609375
5 0.15234375 0.8078125 0.0796875 0.046875
1 0.60703125 0.53203125 0.2171875 0.2140625