7 0.76796875 0.00078125 0.0203125 0.0015625
6 0.77734375 0.9171875 0.1171875 0.11875
2 0.0015625 0.9125 0.003125 0.03125
0 0.83515625 0.834375 0.1453125 0.159375
0 0.11328125 0.57421875 0.1328125 0.1515625
1 0.5515625 0.3546875 0.146875 0.246875
0 0.98046875 0.26953125 0.0390625 0.1328125
6 0.5984375 0.20625 0.11875 0.09375
13 0.6875 0.175 0.05625 0.05625
4 0.33515625 0.065625 0.1734375 0.13125
4 0.0484375 0.06953125 0.096875 0.1015625
16 0.70234375 0.02421875 0.0515625 0.0484375
4 0.49296875 0.9578125 0.0859375 0.084375
6 0.95234375 0.97265625 0.0953125 0.0453125
4 0.41171875 0.9078125 0.0890625 0.075
16 0.1578125 0.91640625 0.053125 0.0515625
9 0.4578125 0.7734375 0.05625 0.171875
5 0.99140625 0.575 0.0171875 0.04375
6 0.77421875 0.3390625 0.0984375 0.096875
4 0.03828125 0.22421875 0.0765625 0.0828125
12 0.775 0.0984375 0.05 0.05625
7 0.346875 0.0203125 0.075 0.040625