0 0.97734375 0.03515625 0.0453125 0.0703125
5 0.36875 0.05078125 0.065625 0.0609375
15 0.00234375 0.13984375 0.0046875 0.0296875
16 0.84296875 0.17109375 0.0453125 0.0421875
5 0.29375 0.175 0.065625 0.04375
1 0.92890625 0.1203125 0.1140625 0.2125
9 0.90546875 0.24453125 0.1234375 0.0546875
7 0.5015625 0.97734375 0.08125 0.0453125
12 0.253125 0.9703125 0.028125 0.025
10 0.86171875 0.9515625 0.0328125 0.040625
14 0.021875 0.91875 0.04375 0.053125
6 0.2890625 0.81875 0.10625 0.10625
13 0.084375 0.83984375 0.05 0.0484375
8 0.91484375 0.809375 0.0703125 0.09375
8 0.16171875 0.76171875 0.0984375 0.0609375
8 0.17421875 0.659375 0.0859375 0.0875
16 0.0140625 0.64765625 0.028125 0.0421875
1 0.86875 0.52265625 0.0875 0.1984375
11 0.61875 0.58984375 0.059375 0.0609375
15 0.25703125 0.36953125 0.0546875 0.0546875
7 0.33203125 0.3453125 0.0734375 0.071875
12 0.5921875 0.00546875 0.03125 0.0109375
4 0.865625 0.025 0.04375 0.05
3 0.30078125 0.02890625 0.0671875 0.0578125
14 0.7140625 0.14921875 0.05625 0.0609375
7 0.13984375 0.99296875 0.0390625 0.0140625
8 0.59453125 0.9640625 0.0859375 0.071875
11 0.3265625 0.9078125 0.046875 0.059375
7 0.38359375 0.80859375 0.0765625 0.0859375
5 0.97265625 0.80625 0.0546875 0.05
13 0.03984375 0.80390625 0.0453125 0.0484375
16 0.07109375 0.79453125 0.0421875 0.0421875
5 0.7328125 0.7796875 0.065625 0.040625
7 0.5328125 0.6875 0.05625 0.08125
9 0.10078125 0.68984375 0.0765625 0.0734375
11 0.796875 0.51953125 0.0625 0.0609375
9 0.60078125 0.3796875 0.0578125 0.1375