10 0.009375 0.0078125 0.01875 0.015625
7 0.85625 0.0234375 0.078125 0.046875
6 0.6 0.034375 0.059375 0.06875
14 0.9828125 0.03671875 0.034375 0.0734375
1 0.3328125 0.03984375 0.15625 0.0796875
15 0.82578125 0.11171875 0.0671875 0.0703125
11 0.01015625 0.23046875 0.0203125 0.0234375
3 0.00546875 0.25234375 0.0109375 0.0328125
5 0.9640625 0.2390625 0.071875 0.08125
16 0.61015625 0.2640625 0.0515625 0.053125
3 0.15703125 0.315625 0.0734375 0.084375
16 0.14453125 0.353125 0.0546875 0.05
5 0.21953125 0.41796875 0.0859375 0.0828125
6 0.03984375 0.41640625 0.0453125 0.1046875
10 0.56171875 0.559375 0.0390625 0.040625
5 0.46875 0.69921875 0.059375 0.0734375
2 0.33515625 0.6921875 0.1546875 0.14375
8 0.18125 0.778125 0.1 0.0625
12 0.8609375 0.94765625 0.0625 0.0515625
2 0.6828125 0.99765625 0.046875 0.0046875
6 0.62890625 0.94375 0.0609375 0.1125
2 0.1921875 0.99453125 0.040625 0.0109375