0 0.29375 0.0203125 0.08125 0.040625
3 0.63515625 0.04609375 0.0796875 0.0921875
8 0.5984375 0.05625 0.05625 0.084375
2 0.8625 0.0640625 0.14375 0.11875
0 0.0140625 0.996875 0.028125 0.00625
1 0.44765625 0.9859375 0.0109375 0.028125
4 0.00859375 0.9453125 0.0171875 0.084375
14 0.94609375 0.94453125 0.0578125 0.0578125
5 0.21171875 0.90625 0.0546875 0.071875
1 0.92734375 0.78359375 0.1453125 0.2171875
11 0.65078125 0.85546875 0.0609375 0.0609375
11 0.8046875 0.753125 0.065625 0.059375
5 0.9953125 0.5984375 0.009375 0.028125
3 0.86875 0.496875 0.09375 0.08125
0 0.984375 0.496875 0.03125 0.028125
9 0.77734375 0.35 0.1421875 0.078125
0 0.81171875 0.28984375 0.1296875 0.1171875
11 0.3140625 0.2984375 0.059375 0.04375
9 0.63828125 0.2828125 0.0734375 0.065625
10 0.92265625 0.1625 0.0390625 0.0375
6 0.025 0.08203125 0.05 0.1078125
9 0.14765625 0.0046875 0.0328125 0.009375
2 0.32265625 0.96484375 0.0484375 0.0703125
4 0.84921875 0.86171875 0.0796875 0.1671875
12 0.50234375 0.8625 0.0484375 0.046875
5 0.57109375 0.7421875 0.0640625 0.071875
7 0.75078125 0.69765625 0.0890625 0.0796875
4 0.88515625 0.578125 0.1421875 0.05
7 0.13046875 0.54765625 0.0453125 0.0734375
11 0.64609375 0.50078125 0.0296875 0.0265625
12 0.52890625 0.3234375 0.0546875 0.04375
6 0.3421875 0.15859375 0.10625 0.0703125