8 0.2015625 0.00390625 0.046875 0.0078125
7 0.3203125 0.0078125 0.03125 0.015625
16 0.68984375 0.0359375 0.0328125 0.059375
13 0.471875 0.125 0.05625 0.046875
3 0.8859375 0.22109375 0.084375 0.1109375
11 0.31484375 0.27890625 0.0734375 0.0828125
6 0.55859375 0.309375 0.1328125 0.059375
8 0.38515625 0.309375 0.0953125 0.121875
8 0.9671875 0.359375 0.065625 0.08125
6 0.05 0.43125 0.1 0.096875
12 0.21171875 0.66015625 0.0578125 0.0515625
6 0.00625 0.68046875 0.0125 0.0265625
7 0.58125 0.6609375 0.084375 0.103125
9 0.80390625 0.771875 0.1265625 0.059375
11 0.35546875 0.85546875 0.0703125 0.0765625
0 0.7234375 0.9421875 0.13125 0.115625