14 0.95390625 0.03359375 0.0921875 0.0671875
7 0.753125 0.19609375 0.090625 0.0703125
8 0.94765625 0.19296875 0.1046875 0.1140625
7 0.13984375 0.24375 0.1171875 0.08125
13 0.65625 0.303125 0.06875 0.065625
16 0.99921875 0.41328125 0.0015625 0.0140625
2 0.04296875 0.5859375 0.0859375 0.06875
15 0.6640625 0.58984375 0.078125 0.0796875
3 0.18515625 0.66875 0.1046875 0.128125
14 0.13359375 0.92890625 0.0828125 0.0734375
7 0.98984375 0.9875 0.0203125 0.025
3 0.746875 0.9609375 0.128125 0.078125
11 0.53046875 0.99375 0.0546875 0.0125
1 0.34453125 0.921875 0.2109375 0.15625
2 0.2109375 0.90234375 0.075 0.1953125