6 0.49140625 0.021875 0.1328125 0.04375
11 0.6203125 0.04765625 0.096875 0.0890625
2 0.50234375 0.0625 0.1640625 0.125
3 0.8953125 0.1078125 0.115625 0.14375
2 0.05859375 0.12890625 0.1171875 0.1328125
7 0.6796875 0.24453125 0.1125 0.1015625
3 0.584375 0.2390625 0.090625 0.128125
15 0.2609375 0.2734375 0.0875 0.0875
6 0.71796875 0.35859375 0.1703125 0.1390625
8 0.5328125 0.39609375 0.13125 0.1234375
5 0.66953125 0.52890625 0.0765625 0.0984375
8 0.0328125 0.52421875 0.065625 0.1203125
10 0.43671875 0.640625 0.0515625 0.053125
13 0.746875 0.65390625 0.075 0.0703125
6 0.525 0.72578125 0.16875 0.1203125
3 0.759375 0.74296875 0.071875 0.1265625
0 0.65859375 0.7578125 0.1734375 0.203125
9 0.78046875 0.98984375 0.0234375 0.0203125
6 0.425 0.95234375 0.16875 0.0953125