5 0.96953125 0.00234375 0.0359375 0.0046875
0 0.04140625 0.021875 0.0828125 0.04375
10 0.97578125 0.046875 0.0484375 0.04375
9 0.06484375 0.07265625 0.0859375 0.0796875
4 0.24609375 0.13671875 0.1796875 0.0921875
7 0.765625 0.1609375 0.06875 0.075
3 0.3671875 0.17421875 0.08125 0.0953125
16 0.425 0.2453125 0.046875 0.05
5 0.059375 0.29609375 0.065625 0.0796875
7 0.02265625 0.39765625 0.0453125 0.0578125
14 0.3359375 0.42421875 0.059375 0.0546875
16 0.22109375 0.428125 0.0515625 0.046875
3 0.996875 0.4453125 0.00625 0.028125
11 0.44375 0.5296875 0.065625 0.071875
9 0.5390625 0.5453125 0.125 0.065625
13 0.625 0.6359375 0.053125 0.05625
0 0.98828125 0.66953125 0.0234375 0.0515625
8 0.7125 0.66640625 0.1125 0.0890625
3 0.7046875 0.725 0.096875 0.075
6 0.11796875 0.78828125 0.1234375 0.0671875
4 0.859375 0.9015625 0.08125 0.178125
12 0.9328125 0.99140625 0.053125 0.0171875
1 0.59609375 0.94140625 0.1953125 0.1171875
9 0.35 0.921875 0.071875 0.15625