4 0.15546875 0.07421875 0.1703125 0.1484375
7 0.93671875 0.12734375 0.1265625 0.1109375
13 0.29453125 0.15390625 0.0921875 0.0921875
0 0.1578125 0.12734375 0.221875 0.2328125
14 0.56484375 0.27421875 0.1234375 0.1140625
5 0.865625 0.33671875 0.140625 0.1390625
5 0.05078125 0.4703125 0.1015625 0.13125
5 0.37734375 0.5046875 0.1390625 0.1375
13 0.9609375 0.55625 0.078125 0.053125
12 0.4921875 0.6796875 0.084375 0.0875
13 0.60546875 0.7171875 0.0953125 0.0875
4 0.76796875 0.9421875 0.1484375 0.115625