0 0.38515625 0.0234375 0.0921875 0.046875
3 0.21171875 0.03515625 0.0734375 0.0703125
9 0.49296875 0.2890625 0.1234375 0.096875
9 0.77109375 0.32890625 0.0421875 0.0421875
16 0.99765625 0.36015625 0.0046875 0.0078125
5 0.31796875 0.36875 0.0859375 0.053125
1 0.6953125 0.2671875 0.240625 0.271875
10 0.7875 0.66015625 0.04375 0.0453125
11 0.89375 0.67109375 0.078125 0.0734375
13 0.60546875 0.6765625 0.0609375 0.0625
0 0.16875 0.64921875 0.13125 0.1578125
14 0.96484375 0.69765625 0.0703125 0.0640625
15 0.67578125 0.75 0.0703125 0.071875
4 0.33046875 0.7703125 0.0734375 0.1
9 0.440625 0.7859375 0.109375 0.128125
9 0.56640625 0.78125 0.0640625 0.184375
1 0.49765625 0.9484375 0.1828125 0.103125
3 0.20234375 0.9375 0.1234375 0.125
0 0.17109375 0.9640625 0.1015625 0.071875