15 0.3828125 0.0671875 0.05625 0.059375
11 0.27109375 0.07109375 0.0671875 0.0921875
2 0.5421875 0.06484375 0.109375 0.1296875
13 0.0234375 0.1046875 0.046875 0.071875
13 0.5421875 0.13046875 0.065625 0.0421875
13 0.61484375 0.19765625 0.0703125 0.0703125
1 0.3734375 0.13671875 0.2 0.2734375
9 0.19765625 0.2046875 0.1453125 0.146875
5 0.01015625 0.4109375 0.0203125 0.071875
0 0.56328125 0.41171875 0.1328125 0.1953125
4 0.834375 0.4796875 0.13125 0.10625
0 0.15546875 0.54765625 0.1359375 0.1296875
7 0.6421875 0.60703125 0.078125 0.0546875
6 0.0625 0.61171875 0.125 0.0484375
14 0.35390625 0.62734375 0.0734375 0.0828125
2 0.7859375 0.65 0.215625 0.19375
12 0.88984375 0.7609375 0.0765625 0.059375
0 0.7921875 0.74296875 0.13125 0.1828125
2 0.046875 0.7890625 0.09375 0.128125
6 0.96796875 0.85625 0.0640625 0.15625
1 0.8296875 0.978125 0.096875 0.04375
4 0.18828125 0.9484375 0.1046875 0.103125