8 0.02890625 0.02578125 0.0578125 0.0515625
4 0.95546875 0.03984375 0.0859375 0.0796875
0 0.80546875 0.0625 0.1203125 0.125
14 0.10703125 0.11328125 0.1015625 0.0703125
7 0.4296875 0.26484375 0.075 0.0890625
0 0.19140625 0.25078125 0.1046875 0.1578125
4 0.596875 0.2515625 0.0875 0.190625
7 0.103125 0.30546875 0.078125 0.0953125
14 0.98984375 0.3671875 0.0203125 0.05625
14 0.4390625 0.4328125 0.0875 0.06875
7 0.22109375 0.4375 0.0921875 0.084375
15 0.95390625 0.5265625 0.0765625 0.071875
2 0.69765625 0.49140625 0.1359375 0.1578125
10 0.42890625 0.56796875 0.0359375 0.0453125
7 0.66015625 0.596875 0.0796875 0.0875
5 0.60546875 0.6734375 0.0828125 0.075
1 0.503125 0.62890625 0.146875 0.2171875
14 0.28125 0.71640625 0.065625 0.0671875
7 0.1671875 0.71328125 0.1125 0.1046875
8 0.975 0.78515625 0.05 0.0859375
3 0.6015625 0.79609375 0.078125 0.1265625
15 0.96875 0.86640625 0.0625 0.0703125
3 0.99765625 0.99921875 0.0046875 0.0015625
4 0.92890625 0.99765625 0.0140625 0.0046875