13 0.04375 0.00703125 0.06875 0.0140625
15 0.32109375 0.01484375 0.1015625 0.0296875
1 0.753125 0.04296875 0.26875 0.0859375
7 0.9546875 0.146875 0.090625 0.134375
0 0.13125 0.16015625 0.19375 0.2546875
12 0.3171875 0.27109375 0.0875 0.0984375
10 0.50625 0.36015625 0.078125 0.0703125
16 0.31640625 0.41796875 0.0921875 0.0890625
8 0.9578125 0.44296875 0.084375 0.1328125
16 0.21640625 0.63359375 0.0890625 0.0859375
11 0.95390625 0.6828125 0.0921875 0.13125
0 0.728125 0.65859375 0.26875 0.2484375
9 0.80546875 0.71875 0.2703125 0.16875
12 0.13203125 0.8875 0.0921875 0.1
0 0.91328125 0.9984375 0.0140625 0.003125