7 0.13515625 0.046875 0.0453125 0.08125
6 0.94453125 0.1875 0.1109375 0.090625
1 0.2171875 0.13125 0.215625 0.25625
14 0.278125 0.28203125 0.090625 0.0734375
9 0.46875 0.3109375 0.04375 0.08125
3 0.64765625 0.41484375 0.0390625 0.0515625
4 0.6859375 0.36171875 0.103125 0.2015625
1 0.025 0.4140625 0.05 0.184375
0 0.55234375 0.55 0.1234375 0.1625
9 0.4484375 0.63359375 0.1875 0.0515625
5 0.071875 0.63671875 0.05625 0.0890625
14 0.34609375 0.66640625 0.0796875 0.0703125
3 0.97421875 0.7 0.0515625 0.0625
4 0.64453125 0.6484375 0.1296875 0.19375
3 0.7484375 0.78984375 0.11875 0.0796875
7 0.6953125 0.8125 0.084375 0.1125
9 0.3859375 0.8203125 0.159375 0.140625
14 0.5546875 0.91953125 0.075 0.0828125
14 0.8203125 0.99765625 0.015625 0.0046875
3 0.72109375 0.9734375 0.0734375 0.053125
11 0.2953125 0.95625 0.0875 0.0875