9 0.88515625 0.0078125 0.1390625 0.015625
5 0.42421875 0.06328125 0.0859375 0.0921875
4 0.0671875 0.06640625 0.134375 0.1234375
15 0.328125 0.1890625 0.075 0.075
10 0.73125 0.22109375 0.021875 0.0359375
5 0.9578125 0.209375 0.08125 0.065625
11 0.628125 0.31328125 0.078125 0.0828125
12 0.8953125 0.42421875 0.05625 0.0515625
2 0.053125 0.42890625 0.10625 0.1140625
11 0.80703125 0.5515625 0.0765625 0.071875
1 0.98125 0.61171875 0.0375 0.1796875
0 0.021875 0.73203125 0.04375 0.1078125
2 0.2296875 0.8015625 0.10625 0.175
16 0.04375 0.86796875 0.05625 0.0546875
1 0.91171875 0.8328125 0.1140625 0.2
5 0.1328125 0.98984375 0.065625 0.0203125