10 0.1953125 0.02890625 0.053125 0.0484375
12 0.72734375 0.1015625 0.0046875 0.015625
0 0.40078125 0.05625 0.1140625 0.1125
10 0.64296875 0.24453125 0.0515625 0.0515625
9 0.84375 0.31640625 0.115625 0.0953125
1 0.3265625 0.271875 0.19375 0.25
14 0.55 0.38046875 0.103125 0.0734375
11 0.896875 0.4203125 0.0875 0.0875
5 0.028125 0.4390625 0.05625 0.059375
13 0.70859375 0.49609375 0.0640625 0.0640625
8 0.54296875 0.509375 0.1171875 0.115625
2 0.03125 0.5296875 0.0625 0.121875
8 0.971875 0.59140625 0.05625 0.0984375
2 0.3578125 0.62421875 0.15625 0.1609375
6 0.625 0.69765625 0.13125 0.1296875
3 0.57109375 0.7640625 0.0859375 0.125
15 0.20859375 0.89765625 0.0640625 0.0828125
13 0.5984375 0.93125 0.065625 0.06875
0 0.38984375 0.97890625 0.1046875 0.0421875