3 0.89296875 0.01796875 0.0796875 0.0359375
3 0.40859375 0.021875 0.0515625 0.04375
10 0.35703125 0.03984375 0.0609375 0.0578125
3 0.1359375 0.03984375 0.15625 0.0796875
0 0.4625 0.05234375 0.1875 0.1046875
16 0.03515625 0.078125 0.0703125 0.071875
12 0.30234375 0.115625 0.0859375 0.071875
15 0.66171875 0.1359375 0.0890625 0.096875
11 0.1015625 0.18125 0.10625 0.103125
1 0.509375 0.153125 0.23125 0.30625
14 0.9984375 0.3734375 0.003125 0.021875
11 0.909375 0.39296875 0.096875 0.0890625
5 0.0265625 0.459375 0.053125 0.05625
3 0.99453125 0.4921875 0.0109375 0.025
5 0.66328125 0.6796875 0.0890625 0.065625
5 0.54296875 0.6609375 0.0984375 0.10625
4 0.33515625 0.6515625 0.1671875 0.225
15 0.825 0.80546875 0.078125 0.0546875
14 0.2765625 0.82265625 0.11875 0.0859375
4 0.946875 0.8328125 0.10625 0.075
1 0.71796875 0.7515625 0.3421875 0.24375
1 0.9578125 0.93125 0.084375 0.1375