14 0.61328125 0.0015625 0.0140625 0.003125
8 0.7984375 0.0453125 0.059375 0.090625
1 0.43828125 0.8609375 0.1359375 0.2125
14 0.95546875 0.9078125 0.0578125 0.071875
12 0.2203125 0.8109375 0.05 0.0375
15 0.115625 0.75546875 0.03125 0.0328125
6 0.53125 0.72578125 0.10625 0.0640625
8 0.8640625 0.6671875 0.08125 0.09375
16 0.3828125 0.62578125 0.04375 0.0453125
13 0.8453125 0.56953125 0.04375 0.0484375
6 0.03828125 0.47265625 0.0671875 0.1140625
4 0.6265625 0.4625 0.13125 0.08125
5 0.228125 0.475 0.071875 0.046875
14 0.11171875 0.45234375 0.0734375 0.0609375
10 0.1765625 0.3734375 0.0375 0.0375
14 0.53046875 0.1671875 0.0703125 0.05625
5 0.7140625 0.1125 0.071875 0.075
9 0.95546875 0.01015625 0.0578125 0.0203125
15 0.98984375 0.9890625 0.0203125 0.021875
2 0.84765625 0.89140625 0.0921875 0.1609375
7 0.8015625 0.75546875 0.059375 0.0640625
7 0.93671875 0.73671875 0.0953125 0.0390625
7 0.46015625 0.5640625 0.0859375 0.028125
14 0.9453125 0.31640625 0.06875 0.0578125
12 0.36953125 0.321875 0.0515625 0.04375
3 0.2828125 0.2375 0.096875 0.090625
12 0.22421875 0.121875 0.0515625 0.046875