16 0.70546875 0.0171875 0.0453125 0.034375
10 0.29609375 0.0640625 0.0359375 0.040625
0 0.06796875 0.04765625 0.1171875 0.0953125
13 0.64921875 0.1421875 0.0453125 0.05
2 0.7703125 0.14296875 0.15625 0.1109375
3 0.50234375 0.984375 0.0484375 0.03125
11 0.546875 0.96796875 0.0625 0.0640625
0 0.646875 0.959375 0.096875 0.08125
3 0.7671875 0.89296875 0.06875 0.0953125
0 0.025 0.865625 0.05 0.084375
15 0.98359375 0.80234375 0.0328125 0.0578125
4 0.39921875 0.7921875 0.1421875 0.0625
11 0.175 0.7859375 0.059375 0.0625
5 0.6203125 0.75234375 0.06875 0.0359375
10 0.39453125 0.70390625 0.0296875 0.0421875
8 0.1921875 0.5828125 0.078125 0.08125
16 0.67265625 0.4625 0.0421875 0.04375
0 0.3296875 0.39921875 0.125 0.1359375
3 0.64296875 0.3546875 0.0609375 0.090625
10 0.42890625 0.35703125 0.0328125 0.0359375
8 0.47890625 0.26171875 0.0765625 0.0703125
15 0.40078125 0.2578125 0.0578125 0.059375
2 0.578125 0.01875 0.075 0.0375
7 0.403125 0.98515625 0.059375 0.0296875
11 0.6953125 0.99140625 0.05 0.0171875
13 0.95703125 0.96953125 0.0515625 0.0515625
8 0.9890625 0.70703125 0.021875 0.0796875
9 0.01953125 0.553125 0.0390625 0.0625
15 0.1875 0.4703125 0.059375 0.05625
12 0.80859375 0.45546875 0.0421875 0.0453125
4 0.39296875 0.4 0.0703125 0.15
4 0.84453125 0.40078125 0.1515625 0.0984375
3 0.0484375 0.41015625 0.096875 0.0671875
5 0.196875 0.375 0.06875 0.059375