7 0.40859375 0.00859375 0.0609375 0.0171875
3 0.55 0.1375 0.0875 0.059375
0 0.9828125 0.1125 0.034375 0.128125
1 0.0828125 0.92421875 0.165625 0.1515625
1 0.5046875 0.91171875 0.153125 0.1765625
12 0.39375 0.96015625 0.046875 0.0453125
2 0.82109375 0.7609375 0.0609375 0.146875
13 0.003125 0.8109375 0.00625 0.03125
13 0.33125 0.78828125 0.046875 0.0515625
0 0.56796875 0.740625 0.1078125 0.128125
6 0.04453125 0.75546875 0.0890625 0.0609375
2 0.6296875 0.603125 0.1375 0.121875
5 0.8046875 0.59609375 0.071875 0.0703125
8 0.003125 0.53671875 0.00625 0.0640625
4 0.38828125 0.51953125 0.1515625 0.0828125
0 0.77890625 0.43515625 0.1140625 0.1015625
10 0.63125 0.4421875 0.0125 0.03125
11 0.8734375 0.35234375 0.06875 0.0640625
5 0.421875 0.31015625 0.06875 0.0484375
12 0.91796875 0.3125 0.0484375 0.04375
11 0.22109375 0.28515625 0.0671875 0.0640625
10 0.0890625 0.2625 0.0375 0.0375
5 0.790625 0.03359375 0.071875 0.0640625
13 0.18671875 0.053125 0.0484375 0.053125
3 0.03125 0.0640625 0.0625 0.065625
7 0.95625 0.0875 0.05625 0.071875
16 0.75 0.153125 0.04375 0.046875
2 0.08125 0.94140625 0.071875 0.1171875
9 0.109375 0.86875 0.078125 0.0625
7 0.98203125 0.8453125 0.0359375 0.06875
12 0.771875 0.5015625 0.046875 0.05
4 0.134375 0.44921875 0.115625 0.1515625
1 0.06640625 0.3828125 0.1328125 0.190625
14 0.11171875 0.375 0.0640625 0.040625
6 0.5078125 0.26171875 0.08125 0.0453125
9 0.09921875 0.1578125 0.0703125 0.065625