0 0.2515625 0.9390625 0.078125 0.121875
1 0.73515625 0.9328125 0.1640625 0.134375
15 0.70546875 0.96484375 0.0578125 0.0578125
13 0.17734375 0.92578125 0.0515625 0.0390625
11 0.83984375 0.7609375 0.0703125 0.071875
16 0.6046875 0.71953125 0.04375 0.0484375
0 0.4734375 0.66640625 0.1 0.1421875
0 0.87734375 0.66640625 0.1359375 0.1203125
2 0.55234375 0.640625 0.0984375 0.146875
1 0.19296875 0.5875 0.1953125 0.2125
14 0.12890625 0.66015625 0.0703125 0.0578125
7 0.81875 0.59921875 0.1 0.0359375
16 0.259375 0.5796875 0.046875 0.046875
0 0.3984375 0.54453125 0.103125 0.0859375
6 0.684375 0.49140625 0.1 0.0609375
11 0.89375 0.48203125 0.065625 0.0515625
0 0.21171875 0.41640625 0.0890625 0.1328125
4 0.18515625 0.428125 0.0671875 0.065625
0 0.02421875 0.3578125 0.0484375 0.0875
8 0.99765625 0.37109375 0.0046875 0.0203125
10 0.6859375 0.33515625 0.046875 0.0390625
15 0.99453125 0.31015625 0.0109375 0.0421875
0 0.67890625 0.075 0.0921875 0.15
13 0.21875 0.04296875 0.053125 0.0546875
4 0.89453125 0.0390625 0.0578125 0.078125
1 0.65625 0.04140625 0.13125 0.0828125
4 0.32265625 0.9265625 0.0859375 0.146875
12 0.596875 0.51953125 0.046875 0.0453125
2 0.659375 0.45625 0.140625 0.10625
7 0.15859375 0.409375 0.0296875 0.065625
2 0.5046875 0.37890625 0.153125 0.1140625
6 0.70859375 0.278125 0.1046875 0.0625
16 0.5421875 0.2609375 0.046875 0.046875
12 0.36796875 0.259375 0.0484375 0.046875