7 0.08046875 0.0296875 0.0703125 0.059375
7 0.9984375 0.2125 0.003125 0.0375
16 0.0296875 0.2109375 0.059375 0.059375
12 0.31640625 0.22421875 0.0515625 0.0578125
1 0.43828125 0.29765625 0.2453125 0.2765625
10 0.16171875 0.45546875 0.0484375 0.0453125
2 0.6546875 0.4765625 0.109375 0.184375
12 0.0609375 0.68125 0.05625 0.05625
14 0.86640625 0.75390625 0.0984375 0.0703125
11 0.009375 0.80859375 0.01875 0.0671875
15 0.08671875 0.89921875 0.0765625 0.0765625
2 0.9328125 0.896875 0.128125 0.1625
1 0.92578125 0.9875 0.0796875 0.025
1 0.46015625 0.89921875 0.1703125 0.2015625
2 0.178125 0.9390625 0.203125 0.121875