2 0.43203125 0.05625 0.1140625 0.1125
8 0.9046875 0.06171875 0.090625 0.1140625
12 0.79609375 0.0984375 0.0640625 0.053125
3 0.38984375 0.215625 0.0828125 0.13125
0 0.07265625 0.30625 0.1453125 0.165625
6 0.4734375 0.3609375 0.084375 0.103125
0 0.1171875 0.41953125 0.121875 0.1484375
12 0.9125 0.48828125 0.059375 0.0640625
1 0.56015625 0.42421875 0.2171875 0.2296875
14 0.5515625 0.51953125 0.071875 0.0609375
11 0.5546875 0.76015625 0.078125 0.0796875
7 0.40390625 0.7609375 0.0609375 0.109375
10 0.971875 0.98125 0.0375 0.0375
3 0.23515625 0.98359375 0.0671875 0.0328125
16 0.1875 0.9953125 0.0375 0.009375