2 0.73359375 0.00859375 0.0421875 0.0171875
14 0.53046875 0.03828125 0.0703125 0.0671875
16 0.35859375 0.23125 0.0421875 0.04375
8 0.2046875 0.996875 0.03125 0.00625
0 0.98203125 0.83125 0.0359375 0.040625
11 0.8765625 0.70703125 0.0625 0.0609375
4 0.44296875 0.62890625 0.0734375 0.1484375
5 0.26953125 0.65546875 0.0671875 0.0390625
0 0.70546875 0.58203125 0.0953125 0.1328125
15 0.36328125 0.60390625 0.0578125 0.0546875
0 0.86953125 0.51640625 0.1109375 0.1046875
0 0.36640625 0.43359375 0.1203125 0.0984375
0 0.06171875 0.3953125 0.1015625 0.109375
6 0.81640625 0.32109375 0.1015625 0.1046875
5 0.315625 0.309375 0.06875 0.040625
1 0.95234375 0.234375 0.0953125 0.171875
0 0.48828125 0.20625 0.0828125 0.128125
12 0.09765625 0.98515625 0.0453125 0.0296875
2 0.0765625 0.80078125 0.115625 0.0796875
9 0.7859375 0.77421875 0.134375 0.0984375
11 0.6171875 0.7484375 0.05625 0.05625
1 0.83203125 0.6609375 0.1671875 0.184375
16 0.353125 0.71171875 0.028125 0.0421875
4 0.77890625 0.6625 0.1046875 0.096875
11 0.06484375 0.65625 0.0671875 0.059375
2 0.96484375 0.61640625 0.0421875 0.1203125
12 0.68359375 0.4875 0.0390625 0.040625
2 0.0453125 0.44921875 0.090625 0.1109375
3 0.83828125 0.43046875 0.0578125 0.0734375
13 0.375 0.3875 0.046875 0.0375
6 0.0296875 0.3578125 0.059375 0.084375