6 0.46875 0.01015625 0.03125 0.0203125
0 0.290625 0.02578125 0.090625 0.0515625
15 0.5046875 0.16796875 0.090625 0.0921875
16 0.34140625 0.19140625 0.0703125 0.0671875
7 0.71640625 0.27578125 0.0859375 0.1203125
16 0.70234375 0.39921875 0.0671875 0.0671875
2 0.60390625 0.4046875 0.1453125 0.140625
3 0.43046875 0.4125 0.1203125 0.125
0 0.34453125 0.3953125 0.2015625 0.1625
1 0.06171875 0.35546875 0.1234375 0.2671875
10 0.37890625 0.51015625 0.0546875 0.0546875
11 0.27578125 0.55 0.1015625 0.1
9 0.6140625 0.55 0.109375 0.134375
15 0.03046875 0.5984375 0.0609375 0.090625
10 0.38046875 0.6578125 0.0546875 0.059375
16 0.18828125 0.77578125 0.0671875 0.0671875
13 0.30234375 0.77578125 0.0765625 0.0734375
0 0.8 0.97890625 0.121875 0.0421875
2 0.35234375 0.9796875 0.1140625 0.040625
13 0.24765625 0.96171875 0.0734375 0.0765625
2 0.08359375 0.94375 0.1671875 0.1125