7 0.61875 0.02265625 0.053125 0.0453125
4 0.6984375 0.08203125 0.14375 0.1640625
12 0.88984375 0.2390625 0.0734375 0.071875
6 0.80859375 0.24765625 0.1265625 0.1609375
1 0.2984375 0.196875 0.24375 0.30625
5 0.00234375 0.34375 0.0046875 0.0125
6 0.25625 0.3203125 0.134375 0.140625
16 0.87890625 0.44765625 0.0203125 0.0046875
1 0.840625 0.4015625 0.19375 0.1375
13 0.175 0.43828125 0.075 0.0734375
0 0.52265625 0.38359375 0.1515625 0.1921875
9 0.34921875 0.70390625 0.2046875 0.1265625
16 0.665625 0.86640625 0.0625 0.0703125
1 0.85234375 0.8734375 0.1734375 0.253125
3 0.37421875 0.93828125 0.1515625 0.1234375
4 0.2234375 0.95234375 0.11875 0.0953125
5 0.121875 0.97890625 0.090625 0.0421875