0 0.9453125 0.03125 0.109375 0.0625
16 0.46875 0.17265625 0.0625 0.0703125
0 0.86015625 0.16796875 0.1453125 0.1796875
10 0.77109375 0.24375 0.0640625 0.05625
4 0.40390625 0.175 0.1234375 0.23125
4 0.05390625 0.45 0.1015625 0.196875
16 0.90546875 0.70703125 0.0578125 0.0609375
2 0.60625 0.67734375 0.225 0.1640625
2 0.9390625 0.71328125 0.121875 0.1796875
6 0.73359375 0.7796875 0.1609375 0.121875
0 0.90078125 0.853125 0.1984375 0.2
4 0.603125 0.8875 0.115625 0.171875
0 0.71171875 0.9890625 0.0953125 0.021875
14 0.3265625 0.98125 0.05 0.0375