11 0.784375 0.01640625 0.071875 0.0328125
10 0.68359375 0.0171875 0.0515625 0.034375
10 0.071875 0.09140625 0.040625 0.0453125
13 0.6234375 0.0984375 0.059375 0.0625
1 0.47578125 0.0703125 0.1828125 0.140625
10 0.91875 0.14921875 0.04375 0.0515625
5 0.4078125 0.140625 0.08125 0.0875
16 0.70234375 0.1828125 0.0515625 0.053125
13 0.36796875 0.18984375 0.0578125 0.0578125
6 0.61953125 0.221875 0.1265625 0.078125
1 0.4796875 0.246875 0.23125 0.2125
0 0.26328125 0.303125 0.1234375 0.15
3 0.53515625 0.35390625 0.0953125 0.0984375
11 0.06171875 0.36796875 0.0765625 0.0765625
3 0.21640625 0.35703125 0.0890625 0.1078125
13 0.73125 0.4 0.05625 0.05625
11 0.971875 0.42265625 0.05625 0.0640625
1 0.8453125 0.340625 0.240625 0.228125
5 0.5578125 0.4265625 0.084375 0.065625
13 0.75 0.45546875 0.059375 0.0578125
7 0.35703125 0.4609375 0.0765625 0.096875
13 0.12578125 0.4828125 0.0578125 0.05625
3 0.8921875 0.47734375 0.10625 0.0984375
6 0.29296875 0.5578125 0.0765625 0.109375
0 0.63671875 0.59453125 0.1515625 0.1609375
3 0.08671875 0.63515625 0.0671875 0.0890625
11 0.9796875 0.75234375 0.040625 0.0765625
4 0.8078125 0.8046875 0.159375 0.1
13 0.04921875 0.8875 0.0640625 0.059375
7 0.94140625 0.98359375 0.0390625 0.0296875
4 0.878125 0.959375 0.125 0.08125
14 0.69453125 0.99609375 0.0296875 0.0078125