8 0.20234375 0.95859375 0.1046875 0.0828125
1 0.71796875 0.9921875 0.0515625 0.015625
7 0.59375 0.925 0.090625 0.06875
5 0.42890625 0.5796875 0.0640625 0.075
12 0.98203125 0.48515625 0.0359375 0.0484375
16 0.725 0.4296875 0.046875 0.046875
16 0.9640625 0.2234375 0.053125 0.05
13 0.63671875 0.21171875 0.0546875 0.0515625
14 0.60234375 0.11484375 0.0859375 0.0609375
1 0.8359375 0.68515625 0.175 0.2203125
14 0.13984375 0.7578125 0.0671875 0.05625
2 0.50234375 0.59921875 0.0828125 0.1703125
9 0.5921875 0.5609375 0.059375 0.08125
5 0.3890625 0.509375 0.075 0.065625
16 0.0609375 0.36953125 0.05 0.0484375
12 0.60546875 0.3140625 0.0484375 0.046875
12 0.703125 0.14140625 0.053125 0.0515625
4 0.28203125 0.0828125 0.0796875 0.165625