6 0.66796875 0.02109375 0.0859375 0.0421875
2 0.5703125 0.17421875 0.1125 0.0828125
15 0.01875 0.2890625 0.0375 0.075
9 0.05546875 0.37734375 0.1109375 0.0359375
9 0.22734375 0.3671875 0.0546875 0.1
16 0.68828125 0.42578125 0.0578125 0.0546875
13 0.60234375 0.49296875 0.0640625 0.0578125
0 0.28359375 0.5203125 0.1578125 0.140625
6 0.72109375 0.5234375 0.0796875 0.140625
12 0.10546875 0.6375 0.0578125 0.059375
12 0.64453125 0.68671875 0.0609375 0.0546875
10 0.190625 0.74609375 0.04375 0.0453125
8 0.284375 0.74609375 0.065625 0.0890625
0 0.09140625 0.78046875 0.1828125 0.1421875
9 0.228125 0.8890625 0.196875 0.078125
2 0.4171875 0.9125 0.171875 0.134375
8 0.89609375 0.97734375 0.1078125 0.0453125
14 0.70625 0.959375 0.071875 0.08125
15 0.071875 0.978125 0.078125 0.04375