16 0.16796875 0.04375 0.0453125 0.046875
4 0.98671875 0.05859375 0.0265625 0.1171875
4 0.8765625 0.178125 0.109375 0.096875
10 0.70703125 0.965625 0.0359375 0.0375
14 0.65390625 0.95390625 0.0546875 0.0546875
1 0.73125 0.846875 0.140625 0.19375
16 0.6640625 0.89921875 0.04375 0.0453125
12 0.73359375 0.87421875 0.0046875 0.0046875
5 0.77265625 0.8203125 0.0546875 0.03125
9 0.4625 0.803125 0.053125 0.053125
9 0.57890625 0.7625 0.0390625 0.021875
2 0.87109375 0.609375 0.1046875 0.140625
7 0.78828125 0.3609375 0.0765625 0.04375
8 0.6 0.24453125 0.078125 0.0734375
4 0.47109375 0.06875 0.1421875 0.084375
12 0.4796875 0.2296875 0.046875 0.040625
4 0.32734375 0.9984375 0.0109375 0.003125
16 0.57890625 0.9 0.0421875 0.04375
9 0.98046875 0.88515625 0.0390625 0.0328125
4 0.50703125 0.690625 0.0671875 0.05
12 0.13984375 0.65625 0.0484375 0.04375
8 0.19609375 0.63046875 0.0796875 0.0734375
9 0.678125 0.5921875 0.11875 0.078125
16 0.48828125 0.56328125 0.0421875 0.0421875