6 0.74375 0.09140625 0.140625 0.0609375
12 0.478125 0.22421875 0.053125 0.0515625
0 0.9703125 0.19296875 0.059375 0.1453125
16 0.7328125 0.25234375 0.059375 0.0578125
15 0.14296875 0.34609375 0.0796875 0.0734375
0 0.14453125 0.31796875 0.1265625 0.1671875
4 0.7078125 0.3828125 0.078125 0.2
11 0.47265625 0.48515625 0.0828125 0.0828125
14 0.440625 0.590625 0.065625 0.096875
10 0.01171875 0.66484375 0.0234375 0.0453125
13 0.76328125 0.68828125 0.0640625 0.0640625
14 0.0484375 0.81015625 0.096875 0.0703125
11 0.64921875 0.975 0.0734375 0.05
15 0.02734375 0.98203125 0.0546875 0.0359375