14 0.4734375 0.025 0.0625 0.05
15 0.08359375 0.12890625 0.0640625 0.0609375
3 0.57578125 0.98671875 0.0578125 0.0265625
15 0.75859375 0.98671875 0.0609375 0.0265625
11 0.9 0.98515625 0.06875 0.0296875
3 0.103125 0.89453125 0.09375 0.0953125
8 0.88515625 0.77265625 0.0921875 0.0796875
13 0.84765625 0.7203125 0.0546875 0.053125
10 0.6296875 0.6765625 0.028125 0.0375
11 0.49921875 0.5046875 0.0671875 0.06875
7 0.67421875 0.42734375 0.0890625 0.0703125
16 0.7765625 0.3875 0.046875 0.04375
1 0.18984375 0.29921875 0.1734375 0.2140625
8 0.8875 0.34296875 0.065625 0.0859375
2 0.4734375 0.29921875 0.103125 0.0890625
8 0.803125 0.24375 0.090625 0.090625
5 0.290625 0.25625 0.075 0.05625
10 0.3921875 0.2359375 0.0375 0.0375
13 0.84609375 0.94765625 0.0515625 0.0546875
12 0.2625 0.75546875 0.05 0.0453125
12 0.30859375 0.6875 0.0453125 0.05
5 0.60546875 0.50078125 0.0671875 0.0640625
3 0.315625 0.3921875 0.0875 0.1
1 0.12421875 0.30859375 0.2015625 0.1765625
2 0.6703125 0.196875 0.08125 0.053125