4 0.56640625 0.00546875 0.0515625 0.0109375
8 0.00078125 0.00546875 0.0015625 0.0109375
16 0.9265625 0.1 0.078125 0.08125
3 0.303125 0.08984375 0.165625 0.1796875
3 0.59375 0.15703125 0.175 0.1421875
4 0.98671875 0.20546875 0.0265625 0.0984375
15 0.15078125 0.42265625 0.1109375 0.1078125
13 0.10859375 0.5890625 0.0953125 0.090625
4 0.3625 0.65546875 0.253125 0.2453125
6 0.71875 0.703125 0.175 0.203125
14 0.015625 0.82109375 0.03125 0.1265625
0 0.584375 0.771875 0.21875 0.25
1 0.31875 0.7859375 0.1625 0.23125
10 0.746875 0.95859375 0.065625 0.0734375
2 0.6109375 0.9703125 0.134375 0.059375
14 0.21796875 0.9875 0.0859375 0.025