0 0.00234375 0.01328125 0.0046875 0.0265625
10 0.88046875 0.078125 0.0484375 0.053125
5 0.953125 0.11796875 0.09375 0.0765625
15 0.7859375 0.15859375 0.075 0.0765625
15 0.01875 0.175 0.0375 0.05625
1 0.05546875 0.13046875 0.1109375 0.2015625
14 0.978125 0.2109375 0.04375 0.04375
5 0.340625 0.21484375 0.090625 0.0765625
1 0.8984375 0.30703125 0.203125 0.2234375
4 0.9921875 0.4125 0.015625 0.015625
9 0.3109375 0.40234375 0.10625 0.1015625
14 0.26875 0.56015625 0.075 0.0671875
1 0.88203125 0.48359375 0.2359375 0.2546875
4 0.9875 0.59609375 0.025 0.0921875
8 0.51796875 0.6203125 0.1140625 0.08125
7 0.58984375 0.62890625 0.0890625 0.0859375
12 0.34375 0.72265625 0.05625 0.0578125
0 0.01328125 0.715625 0.0265625 0.09375
10 0.084375 0.80390625 0.046875 0.0578125
15 0.775 0.865625 0.078125 0.0625
5 0.48828125 0.88359375 0.0828125 0.0921875
11 0.68671875 0.92265625 0.0828125 0.0796875
8 0.08125 0.91484375 0.125 0.0984375
4 0.22421875 0.875 0.1015625 0.203125
16 0.9359375 0.94921875 0.059375 0.0609375