3 0.60234375 0.05 0.1390625 0.1
12 0.671875 0.1609375 0.071875 0.075
16 0.8328125 0.21875 0.046875 0.05625
2 0.92265625 0.14296875 0.1546875 0.2859375
1 0.6875 0.2234375 0.38125 0.334375
10 0.95625 0.45859375 0.071875 0.0671875
2 0.14453125 0.35703125 0.1671875 0.2828125
6 0.3953125 0.43828125 0.1875 0.1421875
13 0.640625 0.5421875 0.05625 0.075
2 0.66640625 0.4671875 0.2453125 0.259375
2 0.75390625 0.46953125 0.1390625 0.2640625
6 0.940625 0.7546875 0.11875 0.2
15 0.99375 0.8921875 0.0125 0.06875
2 0.8734375 0.9484375 0.071875 0.103125
5 0.36640625 0.98359375 0.1078125 0.0328125
8 0.06953125 0.97578125 0.1390625 0.0484375