0 0.07265625 0.93984375 0.1078125 0.1203125
3 0.71953125 0.95625 0.0671875 0.0875
2 0.18046875 0.79296875 0.1328125 0.0984375
0 0.46953125 0.69375 0.1046875 0.153125
6 0.65703125 0.61953125 0.1015625 0.0984375
14 0.99296875 0.62421875 0.0140625 0.0640625
7 0.21953125 0.53671875 0.0640625 0.0890625
1 0.80078125 0.490625 0.2046875 0.165625
14 0.64921875 0.52578125 0.0671875 0.0546875
15 0.303125 0.51015625 0.0625 0.0609375
8 0.546875 0.484375 0.090625 0.0875
10 0.725 0.39296875 0.040625 0.0390625
10 0.934375 0.2953125 0.040625 0.0375
6 0.97265625 0.1546875 0.0546875 0.0625
6 0.55625 0.04453125 0.109375 0.0890625
2 0.8109375 0.79296875 0.1625 0.1234375
11 0.715625 0.69140625 0.071875 0.0640625
4 0.31640625 0.42578125 0.0546875 0.1296875
4 0.40859375 0.4125 0.0578125 0.121875
3 0.1265625 0.21328125 0.065625 0.0984375
12 0.9953125 0.19765625 0.009375 0.0203125
12 0.06015625 0.13359375 0.0515625 0.0484375
9 0.76953125 0.0609375 0.0359375 0.121875