7 0.79609375 0.97421875 0.0921875 0.0515625
10 0.496875 0.96875 0.040625 0.040625
8 0.48984375 0.92734375 0.0859375 0.0953125
8 0.409375 0.921875 0.090625 0.1
11 0.2765625 0.9046875 0.06875 0.071875
9 0.26015625 0.79765625 0.1453125 0.0703125
13 0.79140625 0.76484375 0.0546875 0.0484375
1 0.734375 0.61953125 0.190625 0.1828125
8 0.35390625 0.578125 0.1046875 0.0875
8 0.0515625 0.534375 0.103125 0.10625
10 0.48515625 0.50234375 0.0390625 0.0421875
8 0.77890625 0.46015625 0.0859375 0.0734375
8 0.18359375 0.375 0.0953125 0.115625
13 0.3296875 0.32265625 0.053125 0.0546875
10 0.25390625 0.26875 0.0453125 0.040625
11 0.8453125 0.19609375 0.071875 0.0734375
8 0.99375 0.1875 0.0125 0.046875
15 0.0125 0.1796875 0.025 0.059375
5 0.203125 0.1109375 0.071875 0.078125
2 0.3421875 0.09453125 0.0875 0.0984375
0 0.08125 0.0359375 0.09375 0.071875
9 0.9765625 0.98203125 0.046875 0.0359375
2 0.5203125 0.75859375 0.15625 0.1015625
9 0.1171875 0.5609375 0.071875 0.159375
9 0.19765625 0.48359375 0.1015625 0.1234375
4 0.9921875 0.428125 0.015625 0.09375
13 0.71640625 0.43515625 0.0546875 0.0515625
15 0.63125 0.3359375 0.0625 0.0625
9 0.4046875 0.30859375 0.075 0.0859375
6 0.69609375 0.25546875 0.1171875 0.1234375
7 0.55390625 0.27109375 0.0484375 0.0765625
11 0.28828125 0.08671875 0.0390625 0.0703125
8 0.96875 0.0625 0.0625 0.078125
3 0.83671875 0.04140625 0.0953125 0.0828125