14 0.2421875 0.00859375 0.059375 0.0171875
9 0.1828125 0.92109375 0.140625 0.0640625
0 0.45 0.8765625 0.13125 0.15
12 0.23828125 0.8125 0.0546875 0.046875
0 0.621875 0.7265625 0.103125 0.146875
16 0.76015625 0.63203125 0.0515625 0.0484375
4 0.753125 0.5 0.078125 0.125
1 0.2046875 0.4453125 0.1875 0.203125
16 0.49453125 0.478125 0.0453125 0.046875
5 0.29296875 0.4265625 0.0765625 0.06875
8 0.7984375 0.38828125 0.065625 0.0890625
0 0.0515625 0.31796875 0.103125 0.1296875
12 0.48203125 0.35625 0.0484375 0.05
1 0.6328125 0.31484375 0.23125 0.0953125
8 0.203125 0.2703125 0.0875 0.09375
15 0.775 0.22421875 0.0625 0.0640625
15 0.9796875 0.034375 0.040625 0.06875
16 0.5453125 0.025 0.046875 0.05
2 0.30390625 0.9875 0.0578125 0.025
12 0.70078125 0.85078125 0.0515625 0.0484375
12 0.796875 0.84140625 0.05 0.0484375
12 0.165625 0.73203125 0.046875 0.0515625
9 0.34609375 0.54921875 0.0609375 0.0578125
5 0.7125 0.471875 0.05 0.0625
4 0.60703125 0.40390625 0.0578125 0.1296875
1 0.69765625 0.38203125 0.2046875 0.1234375
9 0.06953125 0.39375 0.0484375 0.078125
4 0.2328125 0.0328125 0.0625 0.065625