4 0.72578125 0.02890625 0.0921875 0.0578125
10 0.60390625 0.15078125 0.0546875 0.0515625
3 0.68125 0.49375 0.125 0.128125
12 0.47421875 0.55078125 0.0671875 0.0609375
1 0.10078125 0.51953125 0.2015625 0.2796875
0 0.1046875 0.64375 0.11875 0.0625
3 0.0921875 0.66640625 0.121875 0.0734375
8 0.7078125 0.75859375 0.121875 0.1328125
11 0.6015625 0.78203125 0.08125 0.0859375
15 0.3828125 0.80234375 0.040625 0.0796875
4 0.45234375 0.77734375 0.1203125 0.2140625
0 0.63359375 0.82890625 0.1484375 0.1578125
8 0.0515625 0.8796875 0.103125 0.096875
14 0.10703125 0.93671875 0.0796875 0.0765625