14 0.84296875 0.03203125 0.0828125 0.0484375
15 0.44765625 0.0296875 0.0546875 0.059375
5 0.13671875 0.0375 0.0703125 0.06875
3 0.5265625 0.05390625 0.06875 0.0921875
14 0.1515625 0.140625 0.059375 0.053125
4 0.5140625 0.10390625 0.065625 0.1390625
9 0.9234375 0.1453125 0.053125 0.0625
16 0.8140625 0.18125 0.04375 0.03125
7 0.08515625 0.16640625 0.0578125 0.0671875
13 0.9109375 0.1984375 0.046875 0.046875
16 0.3125 0.21015625 0.040625 0.0421875
3 0.171875 0.23828125 0.059375 0.0453125
15 0.025 0.2390625 0.05 0.05625
15 0.56015625 0.25625 0.0515625 0.05625
1 0.53125 0.97890625 0.128125 0.0421875
6 0.9953125 0.98046875 0.009375 0.0390625
8 0.84609375 0.9421875 0.0671875 0.103125
10 0.775 0.91171875 0.03125 0.0390625
2 0.01953125 0.778125 0.0390625 0.15625
16 0.79921875 0.721875 0.0453125 0.040625
11 0.1140625 0.690625 0.059375 0.0625
2 0.8359375 0.47734375 0.11875 0.1046875
10 0.6875 0.48828125 0.0375 0.0328125
16 0.01796875 0.41484375 0.0359375 0.0421875
1 0.740625 0.2984375 0.16875 0.1375
9 0.034375 0.0046875 0.06875 0.009375
9 0.971875 0.03671875 0.053125 0.0609375
12 0.9765625 0.14609375 0.046875 0.0421875
9 0.40390625 0.1765625 0.1078125 0.096875
9 0.615625 0.2703125 0.075 0.071875
1 0.36328125 0.95078125 0.1703125 0.0984375
2 0.8765625 0.8328125 0.134375 0.078125
5 0.7109375 0.76796875 0.05 0.0671875
14 0.996875 0.72109375 0.00625 0.0328125
3 0.91171875 0.68203125 0.0765625 0.0890625
2 0.57109375 0.62890625 0.0703125 0.1421875
4 0.98984375 0.65078125 0.0203125 0.0453125
16 0.87578125 0.51953125 0.0453125 0.0421875
9 0.79140625 0.478125 0.0640625 0.040625
3 0.96484375 0.453125 0.0453125 0.05
4 0.37265625 0.3125 0.1109375 0.140625