16 0.8859375 0.09140625 0.046875 0.0484375
8 0.0296875 0.08125 0.059375 0.096875
1 0.01484375 0.96875 0.0296875 0.0625
8 0.74375 0.9765625 0.06875 0.046875
11 0.46875 0.91640625 0.0625 0.0734375
8 0.20859375 0.740625 0.0703125 0.08125
10 0.7203125 0.7453125 0.0375 0.040625
11 0.34375 0.59375 0.0625 0.0625
10 0.60859375 0.59140625 0.0390625 0.0390625
15 0.1203125 0.51484375 0.059375 0.0578125
6 0.2546875 0.49765625 0.1125 0.0578125
10 0.73359375 0.45859375 0.0359375 0.0390625
6 0.653125 0.41171875 0.08125 0.0609375
14 0.178125 0.3640625 0.05625 0.053125
0 0.82734375 0.203125 0.1265625 0.14375
13 0.35 0.2515625 0.05 0.040625
2 0.0171875 0.14140625 0.034375 0.0859375
12 0.93203125 0.0140625 0.0515625 0.028125
6 0.39609375 0.021875 0.0953125 0.04375
4 0.35 0.98671875 0.04375 0.0265625
1 0.6484375 0.8796875 0.13125 0.2125
2 0.10234375 0.7609375 0.0421875 0.159375
10 0.84765625 0.79375 0.0359375 0.040625
12 0.06171875 0.7765625 0.0453125 0.046875
11 0.52265625 0.51875 0.0640625 0.0625
8 0.921875 0.39453125 0.075 0.0703125
3 0.79609375 0.29765625 0.0578125 0.0546875
2 0.6609375 0.234375 0.090625 0.15625
16 0.70859375 0.23515625 0.0359375 0.0484375
9 0.1 0.1921875 0.096875 0.059375